- 41 25 24 27 27 34 20 31 48 26 5 48
+ 22 29 49 44 15 15 15 15 15
- 11 18 9
+ 10 32 24 10 43 8 0 41 41
+ 26 1 5 11 41 48 41 48 11 8 14 34 24
- 3 9 22 13 34 24 12 28 12 28
- 11 35 14
- 22 44 0 9
+ 3 37 44 26 5 21 30
+ 36 34 24 28 12 12 12
+ 15 0 32 45 37 9 34 18 37 6 45 9 5 45 2 23 2 29 28 41
- 26 39 35 10 31 2
- 24 18
- 12 28 41 12 27
+ 10 16 3 47 44 16 8 36 40
+ 42 43 1 46 34 19 18 23 34 16 11
+ 3 22 1 46 13 32
- 22 24 44 11 33 27 5 48
+ 49 34 0 16 36 41 14 40
+ 25 27 36 15
- 15 44 0 21 9
+ 37 12 44
- 31 32 45 40 18
- 0 11 48 36 31
- 1 11 12 27
+ 34 19 45 43 38 29 28 41
- 34 28 1 10 45 41 0 26
+ 3 1 32 45 40 18
+ 26 11 8 9 39 1 24 44 11 32 36 15 15 15 15
- 25 2 44 12 39 39 5 29 38
+ 22 3 15 15 15 15 15 15 15
+ 3 3 36 15
- 23 23 34 18 45 12 8
+ 22 46 34 20 2 46 37 15 31 3
+ 33 41 37
- 40 36 23 48 41 27 41
+ 3 39 0 8 22 24 44 16 23 39 0 20 31 16 21 6 25 28 41
+ 40 8 0 15 0
- 30 27 5 48
+ 49 34 0 16 36 41 27 43 43 49 47 20
- 40 43 31 49 33 44 27 5 48
- 12 10 19 41 26 18 45 46 21 31 20 31 32 44 32 25 28 43 24
+ 22 9 42 19 5 21 14 1 1 1
+ 40 8 40 11 24 41 27 30 7
+ 12 9 34 6 15 19 28
+ 25 45 21 49 47 29 28 43 24 41 9 47
- 37 12 19 11 32 26 15 5 48
- 25 14 23 29 5 41
- 10 12 41 23 19 46 15 21 12 44
+ 26 48 41 9 21
+ 3 37 22 22 22 27
- 32 44 36 19 49 18 34 44 29 28 20 37 21 49 33 10 15 15
+ 25 19 31 29 28 41
- 15 26 19 32
+ 44 41 37 32 32 32 32 32
- 26 4 39
+ 37 31 44 16 11 47
- 11 0 0 40
+ 22 29 45 8 23 41 36 13 40
+ 22 23 24 11 41
- 13 32 32 32 21 32 32 32 32 32 32
+ 34 19 27 3 40 21 29 19 29 1 29 39 21 31 44 16 37 24 48 40
- 2 36 13
+ 28 43 35 26 6 14
+ 15 21 6 34
- 5 47 12 40
+ 13 32
- 3 3 27 31 15 21 31 32 24 33 41 31 39 34 18 28
- 37 31 32 38 16 37 44 34 15 20 21 12 44 15 15 15
- 25 49 21
+ 15 34 20 31 16 23 45 45 23 34 44 29 28 43 8 0 49 23 19 31 32 44 0 49 23 2 44 44 16 41 43 8 36 20 49 22 29 35 4 40 49
+ 22 9 5 45 34 0 32 8 0 20 19 31 29 28 43 45 3 47 29 28 41
- 37 12 18 23 29 27 20 21 25 11 41 49 18
+ 26 11 8 9 39 1 24 44 11 32 36 15 15 15 15
+ 3 23 0 20 31 32 32 8 23 41 0 39 35 17 42 34 23 2 20 31 32 29 28 41
- 10 44 42 16 17 42 34 44 35 26 31 43 23 36 29 19 43 45 23 21 12 26 5 48
- 32 8 40
+ 40 44 36 5 36 48 40
+ 42 43 19 19 6 34
+ 26 49 34 39 34 18 40 21 24 26 21 31 16
+ 26 4 9 11 45 39 14 34
- 13 32 32 32 15 32 32 32
+ 22 24 21 6 39 35 34
- 2 12 9 37
+ 25 4 22 19 15 2 10 15
- 36 34 41 3 15 15 15
- 41 26 41 48 48 41 0 25 2 30 1 28 43 8 40 35 4 15 43 20 49 31
- 16 28 20
- 23 24 33 31 42 12 40
+ 49 2 29 47 31 23 27 3 34 13 40
- 49 15 16 41 24 40 4 0 37 18 44 9 41
+ 25 25 39 44 48 18 23 18 1 20 31 11 32 33 46 11
- 15 31 4 2 32 44 14 40
+ 15 23 18 1 32 8 9 47
- 12 17 27
+ 28 41 28
- 35 38 17 16 15
+ 40 24 48
+ 40 44 36 5 36 48 40
+ 12 44 44 15
- 16 29 31 41 0 34
+ 12 19 41 28 12 40
- 3 40 1 26 5 21 30
+ 34 5 39 35 49
- 18 15 49 24 4 11 19 17 16 31
- 2 3 33 33 9
+ 22 23 36 20
- 33 26 32 32 32 20
+ 25 17 44 16 45 46 11 26 32 32 32 32 32 32 32 32 32 32 32 32 32 32
- 7 22 37 24 21 31 20
- 25 25 11 41 48 18 1 5 26 49 22 17 44 44 32 44 40 47
- 26 24 10 24 48 34 39 43 5 15 1 40
- 40 21 45 43 36 13 20
- 25 18 3 5 48
+ 36 34 15 35 41
- 7 44
+ 49 21 31 20 31 16
+ 44 0 41 37 32
- 28 41 21 12 29 28 45 41
- 3 37 44 7 21 15 19 5 21 14 49 49 1 49 1 49 49 49 1 1 49 1 1 49 49 49 49 1 49
+ 42 6 14
+ 10 29 28 43 44 40 4 23 41 9 18 41 41
+ 13 32
+ 22 3 15 15 15 15 15 15 15
+ 15 0 32 24 41 14 40
- 12 0 0
+ 42 34 24 28 28 28 12 12 28 12 28 28 28 28
+ 49 15 11 30 12
+ 42 34 24 28 28 12 28 28 28 12 28 28 28 12 12 28
- 18 11 8
+ 22 9 42 19 5 21 14 1 1 1
- 44 34 35 49 40
- 22 24 44 11 33 27 5 48
- 23 17 16 17 5 21 14 6 49 44 35 26 49 24 4 17 28 43 43 27 18 12 44 47 34 16 31
- 13 38 32 32
+ 42 43 20 31 9 42 21 31 29 28 30 15
+ 28 43 0 36 40
- 42 43 6 35
+ 25 27 26 5 21 14
- 10 20 31 35 17 5 45 15 25 43 17 12 29 28 43 13 23
- 37 5 19 48 44 29 15 28 43 36 43 38 44 16 31
+ 34 35 30 35 48
- 36 34 18 32 4 4 15 34 36 28 12 12 1 12
- 26 39 35 10 31 2
+ 25 25 36 32 45 39 23
- 3 44 43 1 29 28 10 43 43 47 34 1 21 31 29 28 30 1 43 24 48 40
+ 12 19 41 28 12 40
+ 40 8 36 13 40
+ 3 1 16 11 4 0 41 41
- 22 27 5 6 48
- 33 0 41 37 32 14 32
+ 10 20 31 16 23 47 15 19 31 32 21 24 8 40 8 23 1 4 24 4 49 36
- 45 15 19 44 20
+ 10 32 21 29 5 36 10 30 1 28 41
+ 22 23 17 44 16 31
+ 49 49 24 4 17 44 44 32 24 41 23 41 36 1 29 24 20 36 32 8 0 34
+ 26 11 8 9 48 1 24 34
- 28 45 44
+ 34 13 34 24 12
- 7 34 19 25 36 32 49 47 39 49 5
- 34 18 27 17 19 4
+ 42 19 0 10 32 43 24 31
+ 49 15 36 20 31 48 47 20 31 35 39 16 34 16
- 44 44 41 32
- 40 21 24 11 48 17 49 42 21 15 21 12 36 15 20
+ 12 19 43 0 26 21
- 25 17 32 33 39
- 40 13 5 37 45 18
- 49 3 3 24 10 44 29 28 30 13 31 14 13 31 14 14 14 1 28 43 8 0 19 19 35 25 30 30 1 28 30 14 14 37 45 23 21 15 49 31 4 11 21
+ 15 23 47 49 24 4 24 49 34 44 20
- 3 22 1 27 31 48
+ 10 44 20 31 32 44 16 17 5 45 19 5 48
+ 33 41 37
- 48 32
- 8 29 42 42 13
+ 42 6 14
- 37 12 49 24 4 2 49 4 47 34 0 20 31 11 24 32 36
- 37 12 34 35 47
+ 22 9 42 2 9 42 19 5 21 30
+ 44 0 41 37 32
+ 28 41 22
+ 34 5 37 24 41 40
+ 36 34 6 26 34 6 15 34 39 19 35 15 19
+ 40 21 17 20 31 48 24 13
+ 34 19 18 39 40 47
- 39 26 40 44
+ 49 2 29 47 31 23 27 3 34 13 40
- 34 2 29 7 11 41 48 47
- 3 48 9
- 7 25 2 32
- 30 8 49 36 15 33 15
- 22 11 15 15
- 5 22 9 40
+ 3 23 44 48 26 5 21 14
+ 25 29 35 4 23 18
- 40 24 35 24 43 40
+ 40 44 36 19 27 47 20
+ 22 29 11 4 27 43 21 39 44 48 3 12 19 43 13
+ 22 29 25 29 13 40
+ 40 21 47 15 4 24
- 29 7 21 18 32
+ 36 34 4 26 34 39 19 13 13
+ 34 5 3 36 15 15 15
+ 25 24 20 29 19 49 18 21 31 44 44 20 31 32 32 24 41 23 41 40 39 1
- 15 41 48 49
- 49 2 9 42 21 15 21 18 31
+ 42 6
- 36 24 44 9
+ 10 16 15 40
- 46 33 41 37 32
+ 49 49 22 29 35 1 20 34 34 16 31
+ 15 23 45 45 3 3 36
+ 25 19 15 34 23 39 44 32 32 44 40 1 1 3 15 15 15 15 15 15 15
- 24 0 0 41 37
- 33 35 32 27
- 3 8 40
- 14 4 0 23
+ 26 11 44 36 5 8 22 24 44 48 36
- 34 35 1 48 29 1 17 48 29 40
- 12 1 44 36
+ 36 34 18 11 9
+ 37 15 31 24 34 32 44 14
+ 3 37 9 34 4 15 34 39 34 24
- 44 4 26 32 32 32 32 32 32 32
- 19 46
+ 42 43 20 34 23 29 5 39 35 11 39 35 41 48
+ 3 22 1 27 5 48
- 0 9 41 37
+ 25 4 22 11 48 41 27 41
+ 34 5 34
- 33 28 18
- 22 23 26 36 16 34
+ 40 43 47 15 11 11 43 39 0 29 28 41
- 30 35 1 5 45 24 0 16 15 40
- 25 29 1 24 24 20
- 1 3 15
- 33 40 46 43 29 13 40
+ 10 44 16 41 30 13 31 14 37 24 41 23 41 40 11 24 10 43 24 48 40
+ 25 49 47 16 11 4 14 40
+ 15 0 20 31 11 32 24 22 27 5 21 14 49 49
+ 42 43 1 27 5 21 25
- 13 46 47 32 18 15
+ 40 21 2 20 31 48 44 15 15
- 40 45 23 23 36 32 43 36 16 27 10 15
+ 10 16
- 44 27
+ 42 34 4 15 19 28
- 26 0 10 15 15
+ 37 12 19 16 23 38 20 31 32 20 31 16 0 44 16 8 34 35 49 40
+ 12 9 34 6 15 19 28
- 13 32 32 32 15 32 32 32
+ 25 27 18 21 31 29 28 41
- 12 30 39 6 7 14
+ 12 44 24 25 38 44 29 28 30 14 14 13 31 14 13 31 14 1 28 43 45 22 1 9 5 38 36 10 36 7 36 10 36 7 36 7 36 7 36 10 36 10 36 16 17 36 7 36 7 36 7
+ 13 32
- 36 34 18 32 4 4 15 34 36 28 12 12 1 12
- 15 44 11 15 12 15 15 15 15 15 15
+ 42 19 35 15 34 15 19 36 20 31 32 29 28 43 24 10 30 37 44 23 1 39 34 32 8 0 17 42 2 24 21 31 20 31 16 21 15 31 46 22 46 10 16 11 30 36 36 48
- 40 49 39 23 19 31 16 34
+ 40 45 39 9 49 34 24
- 26 23 15 36
+ 44 41 37 32 32 32 32 32
+ 22 29 45 43 39 21 31 29 28 43 24 41 9 48 18
+ 3 22 35 48 41 0 26 15 27 33 9 42 15 47 34 34 32 8 27 30 37 21 47 2
- 3 33 22 19 39 34 29 28 19 44 40 18 49 34 32 43 39 23 18 40
- 32 42 34 39 19 35 15 19 28 35
- 40 24 35 24 43 40
+ 49 49 22 38 29 28 30 14 14 37 43 18 39 40 39 13
- 3 48 1 44 20
+ 42 19 35 15 19 13 35 15 34 39 19 35 15 43 1 3 15 15 15 15
- 44 49
- 40 49 39 23 19 31 16 34
- 37 44 15 49 15 15 41 15 15 15
- 35 12 22 44 36 44
- 46 33 41 37 32
+ 34 35 41 48 49 34 18 34 19 49 27 44 16 23 18 40 1 45 24
+ 28 43 35 26 19 28 14
- 17 39 18 1 20 48 38 44 9
- 11 41 32 49 32 32 32
+ 42 34 18 42 19
- 40 35 0
+ 40 8 36 20 21 15 49 24 4 45 8 36 35 49 34 18 22 3 15
+ 25 27 33 27 5 21 25
+ 34 19 18 39 40 47
- 36 34 39 35
- 42 19 0 37 6 5 26 21 15 31 46 22 27 5 48
- 45 7 41 14 34 4 15 21 13 34 4 26 6
- 5
- 44 45 19 12 40
+ 3 40 41 27 43 24 41 23 41 0 41 30 13 31 14 1 28 43 43 36 44 29 28 43 21 2 16 45 27 5 21 14 1 49 1 49 1
+ 49 2 46 28 12 40
- 30 34 34
- 12 28
- 40 31 4 21 24 48 40
+ 49 34 0 16 36 41 27 43 43 49 47 20
+ 42 43 19 47 15 18 22 20 15 49 36 15
- 18 20 30
- 44 0 5
- 25 44 38 48 44 20 16 36 32 45
+ 25 11 1 20 49 24 4 27 44
+ 26 4 9 11 45 39 14 34
- 15 0 29 34 28 43 43 25 47 19 39 21 30
+ 28 43 0 11 26 32 32 32 32 32 32 32 32 32
+ 34 19 24 39 48 36 15
+ 22 23 29 35 21
- 11 37 4 32
- 34 5 45 25 18
- 3 37 34 39 6 35
+ 28 12 34 15 1 24 21 31 16 11 47
- 36 34 39 19 35 26 19 35 15 34 17 15 13 40
- 10 20 31 8 44 16 5 48 33 46 49 16 19 5 48
+ 37 6 25 28 30 7
- 15 14 48 18
+ 25 47 19 5 21 14 49 1 49 49
+ 12 44 27 21 31 44 32 8 23 18
+ 26 41 48 39 20 15 11 18 31
- 31 36 32 14
- 28 41 36 37 34
- 40 17
+ 36 34 18 40 44 0 8 10 44 32 44 9 47
+ 42 19 0 12 9 40
+ 10 44 20 31 16 21 6 3 47 44 44 29 28 43 21 47 15 17 32 43 47 21 6 36 10 30 13 31 14 1 28 43 21 45 24 10 41
- 10 29 28 43 45 36 24 37 21 29 40
- 40 24 10
+ 15 0 44 44 29 28 30 15
+ 3 3 33 9 5 45 31 27 5 21 25
+ 3 23 44 16
- 12 19 48 34 6 15 30 28 35
+ 42 19 35 15 34 15 19 36 20 31 32 29 28 43 24 10 30 37 44 23 1 39 34 32 8 0 17 42 2 24 21 31 20 31 16 21 15 31 46 22 46 10 16 11 30 36 36 48
- 2 39
- 40 24 10
+ 37 15 49 22 2 16 20 11 4 36 35 18 31
- 27 18 44 36 29 7
- 28 41 49 49 22 4 31 4 45 21 39 0 29 28 5 30 7
+ 42 19 35 15 34 6 26 43 35 49 40
+ 3 3 26 5 21 14 1 1 49 49
- 31 22 24
+ 28 43 13 0 25 11 11 43 29 19 24 3 19 32 20 31 48 19 16 44 11 32 24 15 44 16 21 15 19 5 48
+ 40 21 36 16 11 18 20 27 44 15
+ 49 21 31 16 3 27 34 32 45 22 5 39 48 18 21 31 44 29 28 41
+ 22 23 29 35 21
+ 3 22 1 46 13 32
+ 40 21 27 47 44 29 28 43 43 11 30 35 48
- 37 45 31 29 18 16 11 35 18 34
- 24 44 10
- 32
- 40 43 31 49 33 44 27 5 48
+ 40 43 49 24 42 43 35 41 48 48 18
+ 37 12 27 23 18 22 1 27 5 48
+ 25 27 47 32 43 36 29 28 41
+ 25 47 19 5 21 14 49 1 49 49
+ 25 4 31
+ 3 1 29 28 30 15
- 21 31 16 25 28 43 8 24 9 23 18
+ 33 41 37
+ 12 44 19 32 20 31 32 44 44 44 20 31 32 44 32 8 14 34 15 13 40
+ 34 20 34 23 49 47 29 28 30 37 43 45 24 10 43 43 18 37 27
+ 10 32 43 27 18 0 44 20 31 16 21 12 26 5 21 25
+ 15 0 32 24 41 0 11 30 48
- 49 34 21 12 24 2 10 15 15
- 42 20 20 31 9 42 49 31 4 18 37 37 19 41 11 44
+ 37 6 39 32 16 25 28 30 1 28 43 44 40 4 9 18
- 32 44 36 19 49 18 34 44 29 28 20 37 21 49 33 10 15 15
- 3 20 42 31 12 26 5 21 37
+ 10 32 8 23 1 25 38 16 11 4 9 18 45 29 18 37 19 41 3 40 18
+ 49 49 22 47 49 22 49 47 29 28 41
- 34 1 9 38 5 38
+ 15 23 18 1 32 8 9 47
+ 49 21 31 44 32 24 41 9 49 40
+ 28 41 28 43 35 15 19 0 15 21 6 37 44 9 47
- 28 12 3
- 13 45 28 32
+ 15 23 38 20 31 11 32 3 40 24 48 40
- 42 43 35 41 30 36 44 36 36 35 48
+ 34 20 34 23 27 24 15 23 38 32 24 48 40
- 12 6 35
- 25 17 44 44 20 16 31
+ 22 29 25 29 13 40
- 26 9 39 35 48 18
+ 34 19 18 40 1 17 20 31 48 44
+ 40 45 39 0 36 41 9 1 5 36 10 43 44 0 25 28 43 45 37 19 41 3 40
+ 49 21 31 44 32 24 41 9 49 40
+ 28 43 0 11 0
- 34 6
- 12 47 32 21 24 40
- 26 12 14 44
- 13 40 12
- 45 5 32
- 30 27 5 48
+ 37 12 33 24 21 15 49 22 45 44 40 41
+ 36 34 39 19
+ 15 23 29 5 34
+ 36 34 6 15 19 35 26 43 20 31 24 21 15 2 27 5 21 14 1
+ 15 21 31 16 8 28 12 40
+ 42 34 6 26 34 18 3 3 44 15
- 34 41
+ 49 15 29 13 34 15 35 48 18
- 34 19 17
- 21 49 40
+ 40 24 48
+ 26 1 13 34 4 15 6 14
+ 42 19 35 15 43 19 29 5 26 34 0 44 29 28 43 24 10 43 45 39 9 21
+ 34 13 34 39 6 35
- 44 31 0 26
- 15 34 20 31 11 32 36 15 15 15 20 5 15 22
+ 34 1 24 21 15 31 9 42 2
+ 22 24 0 29 28 30 1 28 43 8 36 19 24 8 34 5 49 23 45 21 18 1 32 44 40 41
+ 10 32 21 24 39 48 18
- 40 45 23 25 35 25 28 30 49
- 42 19 0 10 29 47 28 43 24 42 41 36 20 40 19 5 48
+ 34 1 46 34 5 34
+ 10 44 32 24 48
+ 42 43 19 24 8 42 19 28 14
- 18 22 20 40 38 44 32 8 0 34
- 24 18
+ 34 19 24 39 48 36 15
- 44 41 49 32 32 32
+ 36 34 24 12 12 12 28
+ 44 26 32 32 32 32 32 32 32 32 32
+ 37 12 3 36 34 4 26 43 20 21 31 32 21 11 49 34 6 26 6 35
+ 22 46 40 8 14 40
- 13 32 25 32 32 32
- 10 20 5 31 32 22 34 29 49
- 13 13 32
- 30 42 43 6 14 34 12 12 12 12 28 28
+ 15 44 16 44 48 26 5 21 25
+ 40 24 48 34 4 26 34 24 12 12 12
- 10 1 39
+ 49 2 10 15
- 49 31 44 5 21 14 1 49 1
+ 10 32 21 2 32 45 37 27
- 25 24 41 43 45 1 29 22 28 41
- 49 2 24 0 29 28 30 46 37 43 38 32 45 39 35 27 43 43 45 43 29 35 1 35 48 18
- 3 3 47 44 44 6 38 5 1 28 41
- 18 12 23 13 32
- 36 34 15 5 37 45 22 24 26 19 5 48
+ 10 32 44 36 1 3 15
+ 10 32 8 23 1 25 38 16 11 4 9 18 45 29 18 37 19 41 3 40 18
- 49 19 5 11 21 25
+ 10 16 15 40
+ 26 1 5 11 41 48 41 48 11 8 14 34 24
+ 3 3 26 5 21 25
+ 36 34 15 19 49 27 21 6 15 0
- 28 19 15 6 35
+ 15 34 16 36 48 40
- 42 34 18 3 30 23 44 35 15 0
- 48 43 40 18
+ 49 49 22 29 35 1 20 34 34 16 31
+ 42 43 35 41 48 4 23 41 36 35 4 23
- 18 12 23 13 32
+ 3 22 19 19 6 8 36 34 39 6 35
+ 34 35 41 48 47
+ 10 32 43 24 34
+ 42 19 35 15 6
+ 34 5 39 35 45 3
+ 26 1 5 26 49 22 39 34 44 29 28 30 15
- 35 47
- 33 41 37 32 32 27 32 32
+ 40 45 23 0 20 31 16 21 12 27 34 44 16 45 24 44 32 20 31 16 34 44 44 20 31 35 15 0
- 32
+ 40 43 18 22 1 24 34 44 16 37 21 47 34 0 29 28 41
- 44 0 41 37 32 35 32 32 32
+ 3 39 27 43 21 27 19 32 29 28 30 1 28 41
+ 22 9 42 15 49 19 48 36
+ 28 43 0 26 39 5 36
+ 40 44 36 19 27 47 20
- 35 47
+ 15 21 15 31 10 15 15 15 15
- 3 23 44 16 34 32 8 36 35 49 8 34 24 38 12 28
- 34 34 23 24 17 21 31 18 20
- 37 40 18
+ 26 18 49
+ 22 46 22 23 45 24 48
+ 40 21 19 15 49 22 11 41
+ 36 34 39 19 13 0 37 31 44 44 44 44 44 20 31 16 23 24 20 25 38 16 15 0
- 28 21 47 27 15 15 11 18 11 48 1 12 17 16 41 43 24 48 34
- 12 35 9
- 49 15 18 44
- 25 48 36 24 4 11 22 1 5 25 28 42
- 25 43 15 14
- 40 45 23 23 36 32 43 36 16 27 10 15
+ 10 29 28 43 44 9 47
- 3 26 33 48
+ 26 39 35 30 2
+ 36 34 24 28 12
- 0 12 43
- 12 20 6
- 20 10 22 19 43 13
- 39 19 42
+ 26 11 44 36 5 8 22 24 44 48 36
+ 37 15 49 31 4 38 44 32 45 23 44 11 32 27 44 35 8 12 22 22 19 43 35 15 34 6 15 19 0 42 6 14
- 27 37 31 32 21 24 31
+ 36 34 18 44 0 41 37 32 32 32
+ 34 20 2 3
+ 36 34 6 26 34 4 26 19 13 13 28 14
- 25 38 37 44 4 16 44
+ 49 2 10 15
+ 26 48 1 2 16 34
+ 34 5 37 45 39 23 41 0 11 21
+ 37 6 39 35 31
+ 42 43 19 36 16 20 27 19 16 34 29 28 30 37 45 23 23 11 48 18
- 10 32 3 22 7
+ 22 24 23 11 1 20 2 29 17 29 28 43 8 0 3 19 48 18 23 27 44 15 15 15 15 15
+ 49 21 31 16 25 28 30 15
+ 12 9 34 4 26 43 19 45 45 39 40 30 48
- 11 10 15 15 15
- 49 49 31 4 49 3 10 20 31 35 17 5 38 36 10 36 10 36 16 17 36 10 36 16 44 46 31 16 44 10 31 7
+ 26 4 0 26 2 24 23 11 41 48
+ 42 43 20 31 9 42 21 31 29 28 30 15
+ 40 44 9 39 5 17 5 45 2 29 45 45 40 18
+ 42 6 14
+ 34 20 15 19 15 21 12 24 10 32 8 0 34
- 44 26 46 32 9
- 16 27 37 13
- 28 41 49 49 22 4 31 4 45 21 39 0 29 28 5 30 7
+ 28 43 35 15 34 24 28
+ 10 44 20 31 16 34 32 43 2 44 20 31 16 23 36 44 20 31 35 39 11 32 36 15
- 34 34 22 24 31 39 32 44 43 49 4
- 35 26
+ 3 23 44 48 36 15 15 15
- 33 36
- 21 24 1 20
+ 34 13 34 39 34 6 26 43 1 9 42 2 3
- 8 29 42 42 13
- 7 15 48 5
- 45 33 44
- 3 39 11 20 33 23 1 24 15 40
- 23 0 42 9
+ 3 1 20 31 35 15 40
- 16 13
- 8 14
+ 22 29 2 44 44 20
+ 42 6
- 25 5 32 36 15 27 15
+ 13 32
- 39 37 12 27 21 15 19 25
- 3 11
+ 42 19 13 13 35 15 34 15 5 17 42 21 31 16 20 24 25 28 43 21 19 15 21 6 41 30 1 28 41
- 22 24 0 38 16 38 36 48 34 24 22 12 12 12 12 28
+ 36 34 18 11 9
+ 42 19 13 13 28
+ 49 34 21 15 15 39 44 48 33 10 15
+ 3 23 44 48 26 5 21 14
+ 37 31 20 31 11 32 27 44 48 47 20
+ 36 34 24 28 12
- 36 31 40
- 19 35 30 8 12
+ 3 1 20 31 11 32 26 5 48
+ 33 41 37
+ 40 21 36 20
+ 26 11 8 9 48 1 24 34
+ 37 6 20 11 49 34 15 1 29 45 43 45 8 0 45 23 49 47 16 15 0
+ 26 18 34
- 3 0 13 20 31 35 39 17 32 36 15
+ 49 34 44 48 47 20 31 16 44 48 24 28
- 49 38 27 26
- 0 15 4
- 28 43 28 27
+ 49 15 39 0 29 28 30 7
- 0 13 37 40
- 40 33 1 36 14
+ 10 44 20
+ 3 22 19 19 6 8 36 34 39 6 35
+ 40 43 29 13
- 37 6 17 7 11 19 5 48
+ 25 36 16 36 41 23 1 2 44 29 28 30 13 31 14 7
+ 10 32 43 24 34
- 6 35
- 25 39 44 16 1 31 32 34
- 36 34 0 9 19
- 14 42 17 6 14
- 42 43 19 27 19 11 16 37 36 19 25 19 6 3 19 16 47 4 22 47 2 3
+ 12 44 19 11 32 27 21 6 34
+ 3 39 9 48 41 14 40
- 34 5 37 43 45 45 40 1 25 17 16 49 0 5 36 41 40 21
+ 26 48 1 47 19 5 48
- 21 16 40 47
+ 28 43 0 42 43 20 15 39 34 20 31 35 37 44 36 13 34 6 15 34 15 5 26 31 27 5 48
+ 15 34 29 28 30 14 14 13 31 14 14 14 7
+ 42 19 35 15 19 13 35 15 34 39 19 35 15 43 1 3 15 15 15 15
- 3 13 11 37 19 12 20 40
+ 42 43 19 29 19 38 29 28 43 45 23 44 35 37 43 39 0 32 8 27 41
- 16 36 34
+ 37 6 25 28 30 7
- 14 21 40
- 40 21 24 49 23 39 34 32 21 4 11 48 1 24 8 33 41 37 32 32 32 32 32
- 34 35 27 43 24 41 9 37 0
- 48 22 12 42
+ 13 32 32 32 32 32 32 32 32 32 32 32 32 32 32 32 32 32 32
- 40 3
+ 37 15 31 24 34 32 21 25 25 45 24 48 34 18 28 12 40
- 10 2
+ 15 21 31 16 20 39 0 29 28 41
- 3 3 28 33 47 14 30
- 35 20
+ 34 20 31 9 42 15 19 31 44 29 28 41
+ 28 43 35 15 43 5 25 28 41
- 26 11 44 14 8 40
+ 10 29 28 30 13 31 14 13 31 14 37 45 3 24 13 32
+ 34 19 17 29 28 30 7
- 42 43 19 27 19 11 16 37 36 19 25 19 6 3 19 16 47 4 22 47 2 3
+ 40 8 27 43 43 4 24 4 27 27 23 36 20 31 11 32 18 0 44 20 31 48 47 29 28 41
- 14 4 0 23
- 26 26 14
+ 15 44 32 20
- 40 45 23 25 35 25 28 30 49
- 16 27 37 13
- 12 35 9
+ 3 3 18 23 2 16 36 41 0 15 0
- 49 19 6 11
+ 34 19 4 24 4 17 44 20 31 48 33 29 25 11 49 40
+ 34 19 39 44 11 32 26 5 48
- 49 15 8 45 43 29 19 45 8 12 41
+ 13 32
- 16 40 8 40 47
+ 34 5 34
- 12 19 48 34 6 15 30 28 35
+ 40 21 27 47 16 37 43 39 34 29 28 41
+ 10 44 44 32 8 27 43 21 45 24
- 10 16 37 24 41 0 28 15 40
+ 15 23 24 49 21 12 18 34 32 24 41 40 1 13
+ 28 41 26 49 34 4 15 19 35 15 6 35
+ 12 44 3 12 19 12 34 18 12 22 44 47 44 44 16 15 40
+ 3 3 18 23 2 16 36 41 0 15 0
- 40 3 39 23 41 27 41
+ 42 19 0 12 9 40
+ 42 6 14
- 25 18 1 7 28 20 14 14 7
- 5 3 8 44 20 31 35 4 45 3
- 12 22 20
- 11 27 44
- 15 6
+ 28 43 0 15 21 12 19 32 32 24
+ 37 15 34 23 38 32 8 23 1 19 12 47 29 28 43 24 10 41
+ 42 34 18 28 41 36 40
+ 36 34 24 28 12 12 12
- 10 29 28
+ 34 1 23 4 24 4 29 1 46 12 19 12 40
+ 42 6 14
+ 13 32
- 40 17 14 34 33 35 12
- 37 31 32 29 27 14 1 27 20 5
- 37 15 34 21 31 44 40 32 45 22 5 3 35 39 35 49 44 32 44 20
- 18 10 13
+ 25 2 29 28 41
+ 34 1 23 11 18 17 42 49 24
- 28 12 3
- 12 47 32 21 24 40
- 34 1 23 4 21 22 37 22 49 44
- 37 31 15 16 34
- 10 20 31 48 18 0 44 32 4 21 47 15 38 20 31 35 41 30 37 24 41 0 41 30 7
+ 40 43 25 29 19 19 12 18 23 11 18 37 21 27 47 29 28 30 13 31 14 14 14 14 14 1 28 30 1 28 43 24 10 30 13 31 14 14 14 37 8 9 11 24
- 3 22 32 19 29 19 27 19 48 47 32 45 37 9 1 34 26 4 28 43 13 34 18 40 24 10 30 15
- 3 37 44 7 21 15 19 5 21 14 49 49 1 49 1 49 49 49 1 1 49 1 1 49 49 49 49 1 49
- 0 18
- 32 39 35 1 5 29 20 31 10 15 15 15 15 15 15 15
+ 12 44 24 25 38 44 29 28 30 14 14 13 31 14 13 31 14 1 28 43 45 22 1 9 5 38 36 10 36 7 36 10 36 7 36 7 36 7 36 10 36 10 36 16 17 36 7 36 7 36 7
+ 3 40 41 27 43 24 41 23 41 0 41 30 13 31 14 1 28 43 43 36 44 29 28 43 21 2 16 45 27 5 21 14 1 49 1 49 1
+ 28 12 34 24 12 28 12 12 28
+ 34 19 2 44 29 28 41
- 48 43 40 18
+ 40 45 22 1 3
+ 22 46 10 16 3 27 23 27 19 32 16 3 18 44 11 32 44 15 15 15 15 15 15 15
+ 49 15 38 32 21 2 32 44 23 41 36 19 25 17 29 28 41
+ 28 41 33 26 32 32 32 32 32
- 5 15 34 32 32 32 32
+ 26 11 45 23 0 44 29 28 30 37 44 14 34 39 19 0 13 32 32 32 32 32
- 33 26 32 32 32 20
+ 10 20 31 16 34 44 16 15 0
+ 49 2 29 45 44 40 39 1 24 23 49 44 15 15
- 33 40 46 43 29 13 40
+ 10 44 16 45 29 19 12 33 29 27 27 21 12 47 32 8 40 21
+ 42 6
- 37 31 25 29 28 10 43 21 7 19 12 33 3
- 26 19 40
+ 42 43 1
+ 22 46 37 31 44 32 45 22 5 34
+ 44 26 32
+ 34 13 34 15 20 34 0 16 25 28 43 21 39 23 19 12 36
- 45 35
+ 12 44 26 5 48
+ 12 22 9 34 15 35 21
- 44 0 41 37 32 35 32 32 32
+ 40 45 3 3 33 26
+ 22 24 21 12 47 32 43 18 39 27 30 37 44 14 34 4 26 34 6 26 43 1 23 47 2 27 5 48
+ 34 1 46 26 48 41 40 47
+ 42 34 18 28 43 28 35
+ 3 40 1 11 41 48 11 43 29 5 41 41
- 25 44 38 48 44 20 16 36 32 45
+ 37 6 3 44 15 15 15 15
- 47 12
- 12 9 34 15 19 4 22 29 40 35 41 48 47
+ 34 5 11 39 5 36 10 43 24 48 40
- 25 27 28 6 47 15
- 36 34 15 12 22 44 19 32 15 32 24 10 41
+ 25 27 36 15
- 49 15 18 44
+ 28 43 0 11 0
- 38 34 13
+ 26 39 1 24 23 17 29 28 43 24 48
- 25 25 11 41 48 18 1 5 26 49 22 17 44 44 32 44 40 47
- 4 20 24 44 32 19 42 2 27 7 5 30
+ 28 41 22 46 3 39 0 17 42 49 31
- 26 1 5 26 4 31 4 49 26 21 14 1 49
+ 34 5 11 39 5 36 10 43 24 48 40
+ 37 15 31 24 34 32 21 25 25 45 24 48 34 18 28 12 40
- 28 12 34 24 12 28 12 12 28 28 28 28 12 28 12 27 28
+ 10 29 28 43 44 9 47
- 10 45
+ 40 8 14 34 6 26 6 35
- 11 45 0
- 46 36
- 18 34 6 15 6 14
+ 22 24 21 12 47 32 43 29 1 27 5 21 14 49 49 1 1 1 49 49
- 28 43 35 26 6 21
+ 40 45 3 26 5 21 25
- 16 36 34
- 44 39 37 32 32
+ 37 15 15 17 16 15 40
- 15 0 44 0 8 6 41 27 43 30 44 41
- 37 30 39 35 6 31
+ 22 29 11 4 27 43 21 39 44 48 3 12 19 43 13
- 26 1 19 17 44 16 3 18 21 12 33 31 45 19 5
- 7 44
+ 36 34 24 12 28 28 12 12 28 12 28 28 12
+ 40 43 11 30 12
- 15 34 20 31 11 32 36 15 15 15 20 5 15 22
- 39 19 42
+ 25 19 31 32 43 47 34 21 31 44 29 28 43 8 23 1 17 29 28 43 24 41 36 20 31 24 23 36 16 31
+ 49 2 46 25 45 45 37 44 36 15 15 15
- 37 7 10 41 30 7
+ 34 20 21 31 44 29 28 41
+ 49 34 34 20 31 48 36 15
- 36 19 47 21 6 8 32 41 12 44 18 0 20
- 3 40 1 17 44 23 1 39 16 0 20 31 11 32 19 35 15 0
- 30 0
- 26 11 44 23 24 37 21 37 20 27 26 5 30
- 15 23 44 35 41 30
+ 42 6 14
- 44 7 43 12
+ 37 15 34 0 29 28 30 14 14 14 14 14 14 7
+ 28 41 49 34 21 6 20 2 20
+ 10 29 28 30 7
+ 10 16 3 47 44 16 8 36 40
+ 33 41 37
- 3 22 46 41 30 13 31 14 37 45 37 44 36 15 15 15 15
- 3 23 44 16 34 32 8 36 35 49 8 34 24 38 12 28
- 49 21 31 20 31 42 34 32 45 22 20 19 5 21 14 49 49 49 1 1 1 1 49 1 1
+ 28 43 0 28 43 0 10 20 31 16 0 32 8 40 4 14 34 4 15 19 0 33 0 26
+ 37 12 19 35 15 0
- 37 31 32 29 27 14 1 27 20 5
+ 3 37 44 3 22 46 22 29 45 24
+ 44 26 32
- 26 0 10 15 15
- 28 43 10 37 31 29 28 30 14 14 1 28 30 13 31 14 15
+ 13 32
+ 15 0 29 28 41
+ 34 20 15 4 24 4 38 29 28 30 13 31 14 1 28 30 14 14 7
+ 34 5 26 15 18 23 23 29 1
- 23 23 27 47 32 21 45 21 4 24
- 25 25 26 19 31 29 33 28 43 45 3 44 15 15 49 15 15 15 15
+ 15 34 32 44 27 41
- 13 32 10 32 32
+ 42 6 14
- 15 25 0 9 12 46 3
+ 34 35 49 34 6 15 43 20 19 5 48
+ 10 16 41 43 8 0 3 44 15 15
+ 3 1 16 26 49 22 11 39 35 30 12
- 12 9 28
+ 28 41 36 34 24
+ 10 32 45 37 9 34 18 37 12 19 48 24 10 32 45 3 24 26 41 48 11 43 2 16 34
- 44 17 44
+ 34 5 11 39 19 19 15 2 27 5 48
- 44 17
+ 49 2 10 15 15 15 15
+ 22 46 34 20 31 27 5 21 30
- 5 6 12 34 18 24 28 28 12 12 12 28 25 28 12 28 28
+ 40 21 25 25 4 31 4 18 22 5 26 19 5 48
- 44 32 0 32
+ 40 8 9 18 31
+ 40 43 36 20 31 11 32 27 23 39 44 11 32 36
+ 42 6 14
+ 42 34 6 26 34 18 3 3 44 15
- 16 28 20
- 33 28 18
+ 42 34 15 35 18 20 29 13 34 39 34 39 19 0 12 44 27 34 44 16 26 19 5 21 14 49
- 46 29 27 5 21 14
+ 33 41 37
- 13 32 25 32 32 32
- 25 43 15 14
- 14 21 40
+ 22 24 21 6 15 40
+ 13 32
- 3 22 1 27 31 48
- 25 4 22 39 44 32 32 8 36 20 20 15 39
- 25 38 32 21 39 44 38 0 17 42 15 4 24 4 4
- 16 29 31 41 0 34
+ 42 34 18 28 43 28 35
+ 34 1 9 42 15 39 0 29 28 41
+ 40 24 10 43 24 41 27 43 21 18 23
+ 49 15 27 36 15 15 15
- 12 28 41 12 27
- 37 15 21 8 12 33 9 5 38 36 10
+ 42 34 4 15 6 35
- 37 31 15 16 34
+ 22 24 0 20 31 16 0 44 29 28 41
+ 12 19 12 34 39 6 14
+ 28 43 0 42 43 20 15 39 34 20 31 35 37 44 36 13 34 6 15 34 15 5 26 31 27 5 48
- 21 37 15 41 24
- 23 15 2 44 35 15 40
+ 28 41 37 31 29 28 30 1 28 41
- 26 19 36 44 30 7
- 10 16 37 24 41 0 28 15 40
+ 42 43 5 39 32 20
+ 40 45 39 23
- 3 33 22 19 39 34 29 28 19 44 40 18 49 34 32 43 39 23 18 40
+ 15 34 20 31 16 23 45 45 23 34 44 29 28 43 8 0 49 23 19 31 32 44 0 49 23 2 44 44 16 41 43 8 36 20 49 22 29 35 4 40 49
+ 36 34 4 26 19
+ 3 40 41 40 39 35 21
+ 49 21 12 19 48 47 44 20 31 48 27 23 17 32 21 11 21
- 34 1 23 4 21 22 37 22 49 44
- 28 43 13 13 0 26 9 48 39 5 31
- 33 41 32
+ 3 3 18 21 6 39 48 26 5 21 30
- 34 18 30 32 3
+ 40 45 23 0 32 24 48 34 18 34 5 25 28 41
- 19 33 21 25 45 44
+ 12 44 3 12 19 12 34 18 12 22 44 47 44 44 16 15 40
+ 36 34 4 15 19 35 26 43 13 40
+ 15 34 20 31 11 32 26 5 48
- 13 46 32
+ 15 34 29 28 43 24
- 22 24 21 31 44 41 31 35 45 34
+ 13 32
+ 34 1 10 15 15 15
+ 42 6 14
- 40 8 36 20 38 6 36 34 39 6 14
+ 12 44 26 5 48
- 25 9 29 28 41
+ 34 20 2 3
+ 28 41 25 2 16 34
- 8 44 11 24
- 21 41 48 49 34 6 15 43 35 0 25 28 43 43 18 1 20 31 11 32 30 15 15
+ 10 20 31 11 32 27 34 29 28 43 45 37 9 40
+ 26 41 48 39 20 15 11 18 31
+ 49 15 4 22 38 20 31 16 34 20 31 48 24 12 9 34 6 15 43 1 24 23 25 17 44 44 32 43 49 18 44 32 32 44 14 40
+ 3 1 16 20 17 29 28 30 1 28 43 24
- 10 20 31 48 26 5 21 35
+ 26 11 45 3 26 5 48
- 31 44 21 32 32 32 32
+ 25 39 44 35 49 23 17 16 20 2 44 16 49 0 16 39 32 20 31 11 32 36 15 15 15 15 15 15 15 15 15 15
- 12 43 34 41 36 46
+ 15 23 17 32 43 38 44 20
+ 42 19 35 26 19 13
- 21 18
- 22 10 41 15 15
+ 40 45 3 3 33 26
- 19 10 43 35 15 43 5 37 16 25 47 34
- 34 42
- 33 16 9
- 37 6 17 42 15 4 24 4 18 1 44 29 28 30 14 14 37 43 47 21 12 41 32 32 8 0 18 34 1 3
+ 12 19 41 25 36 16 36
+ 12 19 41 13 32
+ 25 49 47 16 11 4 14 40
+ 34 1 24 23 24 11 41
+ 25 17 44 44 16 3 33 10 15
- 3 26 33 48
- 21 24 1 20
+ 26 39 1 9 42 19 5 48
+ 40 43 2 20 31 16 21 15 49 22 27 36
- 15 17 11 18 39 13 2 45 40
+ 15 21 15 21 12 36 15
- 35 20
+ 10 16
+ 26 4 0 26 2 24 23 11 41 48
+ 26 49 34 18 42 43 19 25 49 36 15
+ 12 9 34 4 26 43 35 4 40 4 9 4 27 41
- 15 34 29 28 30 8 15 0
+ 49 31 9 5 45 19 5 48
+ 34 5 37 24 41 36 35 11 21 18 23
+ 28 43 35 15 34 39 19 13 13 0 40 8 40 1 35 4 9 1 20 21 6 25 28 41
- 7 25 2 32
- 22 22 22 27
- 26 24 34 21
- 3 3 3 25 32 32 43 29 24 19 38 16 45 3
- 25 18 1 7 28 20 14 14 7
+ 36 34 24 12 28
- 40 21 19 15 21 31 32 44 41 41
+ 34 19 29 1 10
- 49 34 31 5
+ 3 39 9 48 41 23 18
- 36 40 45
+ 3 39 0
+ 12 9 34 6 26 43 35 11 45 3 18 34 44 20 31 32 20 31 11 32 27 44 32 44 29 28 41
- 26 41 38 32
- 37 31 23 44 48 44 15 15
- 32 5 20 44 24 5 31
- 15 33 32
- 49 2 25 13 34 18 26 49 40
- 41 12 16 45 46 33 44 40 11 6 48 40
- 15 44 0 21 9
- 11 41 32 49 32 32 32
+ 42 19 35 26 43 5 39 32 44 20 31 48 44
+ 15 44 35 20 45 44 36 13 40
- 3 13 11 37 19 12 20 40
+ 26 4 14 34 24 28 28 28 12
- 44 41 9 32
+ 22 24 23 11 1 20 2 29 17 29 28 43 8 0 3 19 48 18 23 27 44 15 15 15 15 15
+ 42 34 4 15 19 28
+ 25 49 47 44 16 37 24 41 9 48 41 27 30 37 43 25 11 47
+ 12 19 43 13 13 35 26 6 14
- 44 39 41 37 32 32 32
- 28 43 23 28
- 10 32 8 13 40 18 5 17 42 15 45 45 40 22 41 41 48
- 15 44 45 27 5 13 27
+ 10 29 28 30 7
+ 40 43 18 22 1 24 34 44 16 37 21 47 34 0 29 28 41
+ 15 34 16 39 16 44 32 29 28 43 21 29 35 41 48 1 13
- 24 17
+ 37 12 19 16 23 38 20 31 32 20 31 16 0 44 16 8 34 35 49 40
- 37 45 31 29 18 16 11 35 18 34
- 27 37 31 32 21 24 31
+ 15 0 32 24 10 41
+ 34 1 46 22 23 18 23 44 48 18 34 29 28 43 8 36 13 34 15 20 21 15 31 9 42 49 22 19 31 29 28 41
- 31 9 23 29 42 32 19 17 41 16 15 0
+ 15 21 31 16 8 28 12 40
+ 49 21 6 34
+ 10 32 44 40 18 15 40
- 37 12 18 23 29 27 20 21 25 11 41 49 18
- 33 26 28 32 49
+ 26 11 45 3 26 5 48
- 42 34 15 48 36 44 32 43 11 30 5
+ 13 32
+ 34 20 19 5 21 14 1 49
+ 10 16 26 34
+ 26 39 19 2 16 37 8 14 34 18 26 1 20 34 44 16 34 29 28 41
- 40 27
- 37 31 35 16 37 44 23 8 18
+ 22 46 40 8 14 40
- 28 40 42 25
- 5
- 13 41
- 12 44 47 16 29 9 42 19 5 48
+ 28 43 0 26 49 34 18 12 27
- 28 43 35 15 43 35 18 28 41
- 27 12 27 44 29 34 20 31 48 24 13 10 32 32 32 32 32 32 32 32
+ 22 46 42 6
+ 3 1 16 26 31 3 15 15
- 12 44 47 16 29 9 42 19 5 48
+ 49 21 12 24 25 38 20 31 11 32 19 11 32 3 26 21
+ 40 24 48 34 39 6 14
- 24 31 21 15 15
- 21 5 15
- 37 6 45 9 5 45 15 4 22 39 44 16 21 6 49 0 16 41 43 8 36 35 1 10 15 15
- 25 38 32 21 39 44 38 0 17 42 15 4 24 4 4
+ 33 41 37
- 22 4 26 43 20 2 46 48 37 15 21 12 33 24 34 20 9 37 47 20
+ 3 40 41 9 48 41 36 5 45 27 5 48
- 40 40 5 9 43 48
+ 36 34 6 26 19 35 15 6 14
- 28 43 35 26 6 21
+ 25 27 18 0 32 21 47 21 31 44 16 11 30 35 48
+ 3 1 16 11 4 0 41 41
+ 26 48 1 25 25 18 1 16 8 25 27 47 32 24 10 43 24 48 34
+ 12 22 19 43 13
- 42 43 35 41 30 36 44 36 36 35 48
+ 33 0 41 37 32 32 32 32 32 32 32 32 32 32 32
- 49 49 31 4 39 10 34 44 20 31 16 0 16 15 35 8 15 23 4 49 24 18 28 41 44 26
+ 12 22 9 34 15 35 21
- 42 43 13 9 34 7 15 1 27 19 5 44 15 8 15 15 15
+ 40 8 27 30 1 28 41
+ 34 35 4 40 39 13 34 4 26 19 28 14
- 44 3
+ 22 9 42 31 10 15
+ 3 22 35 48 41 0 26 15 27 33 9 42 15 47 34 34 32 8 27 30 37 21 47 2
- 49 31 44 5 21 14 1 49 1
- 33 24 12 32 32 32
- 25 24 41 14 34 6 15 19 0 9 28 41 42 19 0 26 48 41 23 41 0 34
+ 10 29 28 30 1 28 43 24 48 40
+ 3 3 33 24 23 18 40 18
- 3 39 0 11 49 48
+ 40 44 9 4 0 49 23 47 15 17 20 31 32 29 28 43 43 19 31 44 32 45 39 0 15 40
+ 12 44 33 9 42 21 31 16 8 40 8 23 1 4 22 38 44 29 28 43 44 0 17 5 45 34 21 6 8 22 10
- 3 40 27 33 46 44 9
+ 25 29 5 41 43 45 1 32 24 48 34 24 28 12
+ 25 36 16 39 48 26 5 48
+ 37 15 31
- 2 3 33 33 9
- 44 36 3 32
- 3 33 44
- 22 23 2 32 43 36 37 15 15 15 15 15
+ 25 18 22 20 34 23 36 20 31 32 44 20 31 16 44 35 37 21 38 16 39 32 32 43 39 44 32 20 31 11 32 33 29 2 20 31 35 41 41
+ 37 6 3 44 15 15 15 15
- 26 9 39 35 48 18
- 3 11
- 37 30 39 35 6 31
+ 22 24 21 15 34 23 38 16 49 23 38 44 32 44 27 43 8 27 41
+ 34 19 17 32 21 36 44 16 11 30 35 35 12
+ 15 0 29 28 41
- 27 39
+ 15 0 16 49 34 32 43 45 8 23 18
+ 49 15 39 0 29 28 30 7
+ 10 44 16 41 30 13 31 14 37 24 41 23 41 40 11 24 10 43 24 48 40
+ 13 32
- 15 23 19 31 30 20 31 32 29 17 30 15
+ 42 6
+ 26 41 48 41 48 48 41 14 40
+ 15 23 11
+ 15 34 16 36 41 23
+ 42 43 20 34 34 20
- 11 3
- 12 6 35
- 32
- 47 34 42 17 41
- 3 40 41 27 37 14 34 4 27 6
- 10 16 37 44 31
+ 42 43 1 46 36 40
+ 34 1 46 37 31 20 31 35 8 15 34 16 3 26 5 21 14
+ 15 34 29 28 30 7
+ 34 1 24 0 29 28 30 15
- 45 21 26 32 32
- 49 0 36
- 13 32 10 32 32
- 25 25 39 46 31 32 38 29 28 20 21 11 1 19 18 3 36 15
+ 42 19 0 33
- 36 22 25 30 21
- 5 6 8 26 19
+ 13 32
+ 34 19 29 1 10
- 26 32 32
+ 12 44 27 23 47 15 36 20 31 35 45 29 45 8 40
+ 28 43 0 3 23 34 44 32 43 27 27 34 44 29 28 41
+ 12 19 41 13 32
+ 12 44 24 49 31
+ 10 20 31 11 32 26 5 21 30
- 0 9 41 37
+ 12 9 34 6 26 34 24
- 22 46 37 12 44 44 16 3 24 11 41 37 44 32
- 24 17
- 28 19 15 6 35
- 25 29 19 18 1 16 21 36
+ 10 32 24 10 43 8 0 41 41
- 12 20 6
+ 13 32
+ 37 12 19 48 44 15 15 15 15 15
+ 28 41 49 31 46 40 21 49 27 44 32 16 15 40
- 42 43 19 45 45 23 44 35 37 8 40 48 1 25 39 21 39 44 32 20 31 48 19 32 32 44 23 1 18
+ 34 19 17 44 20 31 32 16 26 31 24 21 31 44 44 29 28 41
- 18
- 28 39 43
+ 37 15 31 24 34 32 44 14
- 36 34 4 26 25 8 45 39 19 28 14
+ 22 23 49 19 32 16 8 33 0 41 37
+ 25 39 44 35 49 23 17 16 20 2 44 16 49 0 16 39 32 20 31 11 32 36 15 15 15 15 15 15 15 15 15 15
- 34 1 23 27 24 6 43 0 33 9
- 49 34 20 31 32 16 26 15 25 34 22 24 28 28 28
- 16 40
- 47 13 40 18 22 35 1 0 1 3
+ 34 1 10 15 15 15
+ 34 5 49 0 20
- 3 20 42 31 12 26 5 21 37
- 45 5 32
- 49 34 21 12 24 2 10 15 15
- 7
+ 44 41 37 32 32 32
- 0 36 38
+ 25 27 33 10 15 15
+ 34 20 19 5 21 30
+ 40 45 23 0 32 24 48 34 18 34 5 25 28 41
- 40 9
+ 37 6 17 5 45 31 9 5 45 21 12 36 15
+ 10 29 28 30 14 14 13 31 14 14 14 15
- 3 23 0 44 44 29 28 43 45 37 19 12 18 44 41 37
+ 49 49 31 4 36 20 31 48 36 15
- 20 16
+ 42 6 14
+ 25 17 44 44 16 3 33 10 15
- 26 12 14 44
- 37 6 17 7 11 19 5 48
+ 13 32
+ 22 23 49 19 32 16 8 33 0 41 37
+ 42 19 13 13 28 14
- 40 2 11 0 0 9
- 13 0 32
+ 42 19 13 13 28 14
+ 40 8 9 18 31
+ 42 6 14
+ 42 34 39 43 20 21 15 49 31 4 47 49 22 38 29 28 30 37 45 39 14
- 26 42 34 15 32 35 49 40
+ 36 34 6 15 34 39 34 39 6 14
- 30 0
- 10 44 42 16 17 42 34 44 35 26 31 43 23 36 29 19 43 45 23 21 12 26 5 48
+ 26 48 1 2 16 34
- 49 0 36
- 20
+ 22 46 10 16 3 27 23 27 19 32 16 3 18 44 11 32 44 15 15 15 15 15 15 15
+ 26 18 26 21 15 19 5 48
+ 40 45 22 1 3
- 28 43 35 15 19 34 0 12 19 41 26 11 8 23 1 47 19 5 48
- 25 22 8 34 9 40
- 5 34
+ 26 1 19 36 44 20
+ 10 32 21 29 5 36 10 30 1 28 41
+ 13 32
- 25 18 23 36 34
+ 37 15 34 0 29 28 30 14 14 14 14 14 14 7
- 22 11 15 15
+ 49 34 0 16 36 41 14 40
- 22 9 5 45 49 31 47 21 20 22 29 43 5 34
+ 25 18 37 19
+ 42 43 1 23 11 4 40 47
- 49 39 2
- 25 18 3 27 0 20 31 11 32 33 24 34 10 16 26 49 34 31 4 49 19 11 32 33
+ 40 8 36 20 21 15 49 24 4 45 8 36 35 49 34 18 22 3 15
+ 34 19 47 31 10 15 15
- 2 34 35 20 30
+ 22 29 45 8 23 41 36 13 40
- 10 38 49 21
+ 49 49 22 24 15 0
+ 34 20 15 19 15 21 12 24 10 32 8 0 34
- 26 3 3 36 15 15 24 8 15 15 15
- 44 0 32 32 32 32
+ 12 19 43 0 10 20
- 37 31 35 16 37 44 23 8 18
- 26 23 15 36
+ 42 19 35 15 6
+ 15 23 36 20 31 35 34
- 22 46 3 3 19 28 48 18 34 20
- 22 46 24 15 11 11 43 41 25 19 12 24 26 4 23 41 27 43 8 0 41 43 44 40 39 20 34 44 48 33 9 5 38 36 46 16 17 36 7 36
+ 22 24 23 25 18 3 24 49 34 44 48 27 23 36 16 49 23 49 24 3
- 25 38 16 20 17 44 16 11 39 3 5 41 43 44 9 11 8 27 30 13 31 14 14 14 15
- 13 32 32 32 32 32 1 32 32 32 42 32 32
+ 42 34 15 5 20 18 23 23 45 8 9 1 13
+ 26 41 48 18 34
+ 40 21 47 15 4 24
+ 26 39 1 9 42 19 5 48
+ 12 9 34 24 12 28
+ 42 19 35 15 19 13 28
+ 42 6
+ 12 44 27 21 31 44 32 8 23 18
- 37 31 25 29 28 10 43 21 7 19 12 33 3
+ 40 21 47 21 6 34
+ 37 15 19 5 21 30
+ 28 41 37 15 31 23 47 34 0 16 36 48 34 24 12 28 12
- 12 17 40
+ 15 0 32 24 41 14 40
+ 10 44 20 31 16 34 32 43 2 44 20 31 16 23 36 44 20 31 35 39 11 32 36 15
+ 15 23 25 4 22 25 4 31 4 36 32 43 45 8 27 30 15
- 1 41 11 48 41 40 47
- 33 40
- 33 44 41 37 32 32
- 12 9 28
- 24 44 10
+ 25 38 20 31 16 44 11 32 44 15 15
+ 10 44 44 16 15 40
- 37 6 26 49 22 38 16 39 11 32 33 46 42 29 19
- 36 34 4 8 34 6 15 43 19 17 32 43 39 44 11 32 36 15
- 45 33 44
+ 42 19 13 13 35 15 34 15 5 17 42 21 31 16 20 24 25 28 43 21 19 15 21 6 41 30 1 28 41
+ 49 2 24 34 29 28 41
- 25 17 29 28 43 21 25 17 29 28 30 1 28 30 28
- 40 21 24 11 48 17 49 42 21 15 21 12 36 15 20
- 47 10 33 22
+ 28 41 37 15 31 23 47 34 0 16 36 48 34 24 12 28 12
- 33 3 42 37 29
+ 15 0 32 45 37 9 34 18 37 6 45 9 5 45 2 23 2 29 28 41
- 3 48 1 44 20
+ 40 8 14 34 39 19 28 14
- 34 20 12 30 27 2
+ 25 4 24 4 18 23 23 36 32 21 29 19 18 40 18
+ 15 0 20 31 35 26 19 5 21 25
+ 10 16 36 41 14 40
+ 26 11 43 25 36 32 21 27 27 34 32 44 0 26 49 24 4 18 22 13 40
+ 49 34 44 16 23 11 1 5 41 43 43 36 32 43 36 29 28 41
- 12 44 24 49 32 44 5 39 11
- 22 46 33 32
- 25 17 16 39 10 26 5 21
- 36 3 22 35 1 15 18 37 44 27 44 16 23 48 47 31 3
- 5 34
- 28 11 41 7 44
- 26 39 19 24 29 35 18 26 2 27 21 30
+ 25 29 13 40
+ 15 21 6 8 26 41 48 18 45 46 42 43 5 41 30 1 28 41
- 23 24 33 31 42 12 40
- 42 20 6 29
+ 42 19 13 0 28 43 35 26 34 39 34 15 19 27 36
- 10 29 28 43 45 7 9
- 0 43 24 0
- 44 28 41 16 37
+ 49 2 10 15
- 27 9
- 10 29 15
- 40 21 45 43 36 13 20
- 8 44 11 24
- 36 45 34 18 10 44 44 32 45 37 19
+ 25 2 20 31 35 17 5 45 31 46 36
- 44 17
- 31 32 45 40 18
- 18 15 49 24 4 11 19 17 16 31
+ 22 29 2 44 44 20
- 42 31 28 32 43 2 29 41 46 32 28
+ 49 49 22 24 15 0
- 49 15 49 32 26 38
- 27 12 27 44 29 34 20 31 48 24 13 10 32 32 32 32 32 32 32 32
+ 12 19 12 34 39 6
+ 42 34 39 34 39 6 35
+ 44 26 32
- 36 22 25 30 21
- 26 24 34 21
- 36 34 30 4 26 34 18 26 38 49 34 15 35 18 44 25 47
+ 15 44 35 25 28 43 45 39 36 35 48 41 0 17 5 38
+ 25 19 31 44 20 31 32 20 31 48 26 5 48
- 34 5 37 43 45 45 40 1 25 17 16 49 0 5 36 41 40 21
- 3 28 31 12 40
- 33 40
- 0 15 4
- 22 4 26 43 20 2 46 48 37 15 21 12 33 24 34 20 9 37 47 20
+ 15 21 6 34
+ 15 21 6 34
- 47 18 44
+ 49 21 31 32 8 27 43 21 38 32 24 10 43 43 36 32 24 41 9
+ 11 0 41 37
+ 25 36 16 36 41 23 1 2 44 29 28 30 13 31 14 7
- 42 21 6 14
- 25 49 21
- 30 25 33 32 0 44 27 21 38 32 6 8 23
- 42 46 20 24 44 32 29 28 23
- 10 24 21 12 14
+ 25 27 24 33 26 32
- 34 41
+ 49 34 21 12 33 46 22 23 2 29 28 30 14 14 37 21 4 22 38 32 21 36 32 24 41 23 41 9 30 2
+ 49 2 46 3 3 18
- 27 5 20 6
+ 49 2 10
- 49 38 27 26
- 17 20 34 44 15 43 40
- 10 19 41 36 34 15 1 3 15 15
- 44 49 24 4 17 38 45 24
- 11 7 44
+ 49 49 31 4 36 20 31 48 36 15
- 14 41 37 32
+ 26 48 1 47 19 5 48
+ 10 44 20
+ 40 44 9 47
+ 36 34 24 12 28 28 12 12 28 12 28 28 12
+ 40 44 27 30 37 45 23 21 6 25 28 41
+ 40 8 27 43 43 4 24 4 27 27 23 36 20 31 11 32 18 0 44 20 31 48 47 29 28 41
+ 28 41 10 16 45 29 38 29 28 30 7
- 28 43 35 15 43 35 18 28 41
+ 13 32
+ 25 17 44 16 45 46 11 26 32 32 32 32 32 32 32 32 32 32 32 32 32 32
- 37 31 32 38 16 37 44 34 15 20 21 12 44 15 15 15
+ 15 34 32 45 1 29 28 30 15
- 11 26 34 32
+ 40 21 47 21 6 34
+ 25 4 31
- 33 44 41 37 32 32
+ 10 44 44 32 24 10 30 7
- 25 16 36
- 3 22 19 47 7 21 12 47 29 28 43 44 36 20 2 16 5 38 36 16 17 36 7 10 43 10
- 10 20 43 45 32
+ 42 34 39 34 39 6 35
- 3 19 41 25 28 38 43 2 20 17 35 36 41 14 34 15 37 45 3 36 15
- 1 47 31 24 23 39 21 15 19 5 48
+ 40 43 36 20 31 11 32 27 23 39 44 11 32 36
- 26 42 34 15 32 35 49 40
+ 34 5 26 15 18 23 23 29 1
+ 40 21 25 18 39 0 31
- 44 31 0 26
+ 44 0 0 41 37 32 32 32 32 32
+ 40 44 9 4 0 49 23 47 15 17 20 31 32 29 28 43 43 19 31 44 32 45 39 0 15 40
+ 42 43 1 46 34 19 18 23 34 16 11
+ 49 34 23 45 8 14 40
- 15 23 35 49 34 6 15 19 0 40 44 27 43 43 18 3 26 5 48
- 40 33 1 36 14
- 14 42 17 6 14
+ 13 32
+ 49 2 46 28 12 40
+ 34 19 36 32 24 48 40
- 44 7 43 12
+ 12 44 27 44 16 23 36 44 16 15 40
- 5 33 36
+ 22 24 21 12 24 33 9
- 36 34 15 5 37 45 22 24 26 19 5 48
+ 34 5 49 21 12 3 15
+ 40 43 2 44 32 24 48 34
+ 3 3 36 15
+ 40 24 10 30 37 43 19 6 8 40 21 27 27 34 32 21 39 0 16 15 40
+ 34 35 4 0 36 41 0 25 28 43 24 48 40
+ 49 2 46 3 3 18
- 11 27 44
+ 10 44 32 24 48
+ 28 43 0 26 39 5 36
- 49 27 31 44 21 32 44 11 34 15 13 34 39 6 35
- 40 40 5 9 43 48
- 40 45 22 13 34 39 34 6 45 34 18 26
- 25 39 44 16 1 31 32 34
+ 3 3 26 5 21 14 1 1 49 49
+ 49 21 31 16 3 27 34 32 45 22 5 39 48 18 21 31 44 29 28 41
+ 12 19 41 26 47
+ 22 46 22 3 15 15 15
- 11 30 48 31 42 32 32
- 22 27 5 26 14 5 25
- 36 18 13 32
- 10 29 4 28 41
+ 3 40 41 40 39 35 21
- 1 47 31 24 23 39 21 15 19 5 48
+ 3 39 40 30 2
- 19 27 15 44
+ 22 23 47 31 10
+ 3 40 41 40 41 48 39 19 2 44 32 44 23 18
+ 12 22 9 34 15 13 34 39 43 1 27 5 21 14 1 1
+ 42 43 35 18 8 34 19 39 44 16 34 20 31 32 16 49 0 20 31 16 34 44 44 16 45 9 42 2
+ 22 9 42 31 10 15
+ 42 19 0 10 16 34
- 22 46 33 32
- 12 22 44 27 20 16 49 0 34 32 24 41 42 1 36 20 31 31 20
- 48 22 12 42
- 33 0 41 37 32 14 32
+ 25 18 22 20 34 23 36 20 31 32 44 20 31 16 44 35 37 21 38 16 39 32 32 43 39 44 32 20 31 11 32 33 29 2 20 31 35 41 41
+ 37 31 29 28 43 45 3 26 5 21 25
- 5 3 8 44 20 31 35 4 45 3
- 30 8 49 36 15 33 15
+ 13 32
+ 22 9 5 38 36 16 44 46 31 7
+ 42 43 19 4 22 36 16 45 29 2 44 16 8 10 16 26 49 31 4 19 15 19 5 48
+ 25 25 11 4 23 41 14 40
- 15 0 44 0 8 6 41 27 43 30 44 41
- 11 35 14
- 40 40 2 20 9
- 41 27 5 19 21 30
- 3 44 43 1 29 28 10 43 43 47 34 1 21 31 29 28 30 1 43 24 48 40
+ 13 32
+ 49 19 5 21 14 1 1 49 1 49
+ 40 43 17 32 45 3 18 0 29 28 43 8 23 18
+ 40 8 0 39 48 3 44 44
+ 25 2 29 28 41
+ 40 45 23 0 20 31 16 21 12 27 34 44 16 45 24 44 32 20 31 16 34 44 44 20 31 35 15 0
+ 28 41 22 46 3 39 0 17 42 49 31
+ 25 19 31 29 28 41
+ 42 34 6 26 34
+ 49 2 10
+ 3 23 23 27 47 32 8 40 11 44 14 34 15 20 15 24 45 23 4 24 4 24 17 42 2 3
- 36 40 45
- 25 29 19 18 1 16 21 36
+ 3 3 44
+ 12 44 44 15
- 0 36 38
- 49 34 20 31 32 16 26 15 25 34 22 24 28 28 28
- 24 0 0 41 37
+ 42 43 20 34 34 20
+ 25 11
+ 42 43 19 19 6 34
- 22 0
+ 36 34 39 19 0 12 44 36 15
- 12 11 32 30 22
- 42 19 35 26 34 46 19 19 10 29 28 43 8 14 34 39 6 14
- 11 3
+ 25 47 21 31 29 28 43 21 36 29 28 41
+ 34 5 34
- 49 15 11 4 17 33 11 1 19 12 29 34 44 16 8 28 43
+ 13 32
+ 37 6 39 32 44 16 41 41
+ 28 43 35 15 43 5 25 28 41
+ 26 18 39 11 32 19 35 26 31 24 0 32 45 1 16 26 34 34 20 31 35 39 16
+ 12 44 18 44 48 36
+ 44 41 37 32 32 32
+ 44 41 37 32 32 32
+ 13 32
+ 42 6 14
+ 36 34 4 15 19 0 37 6 11 30
- 10 16 36 41 9 18 8 37 32 20 31 48 24 20 34 23 17 29 28 43 43 4 22 17 29 28 41
+ 36 34 4 26 19
+ 37 6 20 11 49 34 15 1 29 45 43 45 8 0 45 23 49 47 16 15 0
+ 25 18 37 19
+ 3 3 44
+ 28 41 12 44 26 5 21 14 49 49 1 49 1 1 49
- 34 1 23 27 24 6 43 0 33 9
- 28 12 17 34 18 11 0 0 9
- 37 31 32 43 2 44 32 45 1 20 31 32 20 31 32 29 28 25
- 22 24 21 31 44 41 31 35 45 34
+ 28 41 49 34 21 6 20 2 20
+ 3 37 44 26 5 48
+ 28 43 0 11
+ 34 1 24 21 15 31 9 42 2
- 15 23 17 32 21 21 49 34 4 15 19 35 26 6 35
+ 15 0 32 21 11 21
- 49 21 12 44 9 15 15 15
+ 42 19 35 15 34
+ 40 45 40 1 38 44 16 15 40
+ 22 29 2 16 3 44 15
- 23 23 27 47 32 21 45 21 4 24
- 33 41 37 32 32 27 32 32
+ 3 22 19 47 31 10 15
+ 49 21 12 24 25 38 20 31 11 32 19 11 32 3 26 21
- 37 37 31 24
+ 10 20 31 32 29 28 43 24 48
+ 49 34 34 29 28 30 1 28 30 14 14 14 14 13 31 14 13 31 14 14 14 13 31 14 37 24 41 40 39 20 31 9 5 45 2 10 15 15 15 15 15 15
+ 40 44 36 20 31 23 36 44 44 20 31 16 23 2 44 29 28 43 24 10 41
+ 28 41 49 31 46 40 21 49 27 44 32 16 15 40
+ 34 1 46 22 23 18 23 44 48 18 34 29 28 43 8 36 13 34 15 20 21 15 31 9 42 49 22 19 31 29 28 41
- 26 24 10 24 48 34 39 43 5 15 1 40
- 3 40 1 17 28 43 8 4 0 8 10 32 21 39 34 16 39 32 32 44 40 39 19 25 24 15 0
- 11 45 0
+ 12 44 18 44 48 36
- 42 19 35 26 34 46 19 19 10 29 28 43 8 14 34 39 6 14
+ 22 24 44 11 32 3 13 32
- 44 3
- 44 32 0 32
+ 12 44 27 44 16 23 36 44 16 15 40
- 34 35 43 29
- 25 14 23 29 5 41
+ 22 24 0 32 44 40 11 8 36 20 21 31 20 31 32 44 16 8 22 3
+ 25 36 29 28 43 44 9 48 18
- 21 22 14
+ 15 23 11
- 33 26 32 12
- 28 12 34 24 12 28 12 12 28 28 28 28 12 28 12 27 28
- 26 31
+ 3 1 32 45 40 18
+ 28 43 0 26 49 34 18 12 27
+ 34 19 18 40 1 17 20 31 48 44
+ 26 1 13 34 4 15 6 14
- 8 14
- 10 20 31 35 17 5 45 15 25 43 17 12 29 28 43 13 23
+ 37 6 39 35 31
- 49 19 5 11 21 25
- 18 22 20 40 38 44 32 8 0 34
- 25 24 17 5 45 15 4 22 19 12 18 42 7 34 44 29 28 30 37 44 23 1 34 18 37 43 27 12 36 15
- 41 26 41 48 48 41 0 25 2 30 1 28 43 8 40 35 4 15 43 20 49 31
- 40 35 0
+ 11 26 32 32 32 32 32 32 32 32 32
- 28 30 41 34 1 23 49 44
- 36 34 4 8 34 6 15 43 19 17 32 43 39 44 11 32 36 15
- 43 6 3 3 26 47
- 15 0 23
+ 49 49 24 4 17 44 44 32 24 41 23 41 36 1 29 24 20 36 32 8 0 34
- 32 19 34 44 44 35 41 24 10 30
+ 49 21 31 32 45 23 21 12 36
- 3 39 0 11 49 48
+ 25 4 22 45 44 27 41
- 13 46 47 32 18 15
+ 36 34 39 19 13 0 37 31 44 44 44 44 44 20 31 16 23 24 20 25 38 16 15 0
+ 40 24 48 34 4 26 34 24 12 12 12
- 49 2 2 23 35
- 3 9 21
- 44 41 30 37 32 32 24 32
- 10 44 26 44 20 32 26 6 21 25
+ 33 0 41 37 32 32 32 32 32 32 32 32 32 32 32
+ 42 34 18 28 41 36 40
+ 26 1 5 26 49 22 39 34 44 29 28 30 15
- 10 32 21 11 49 34 19 15 43 1 3 15 15 15
+ 25 38 20 31 16 44 11 32 44 15 15
- 15 23 44 35 41 30
+ 49 34 21 15 31 27 5 21 14 1 1
+ 40 43 47 15 11 11 43 39 0 29 28 41
+ 12 9 34 4 26 43 35 4 40 4 9 4 27 41
+ 22 23 4 31 4 49 24 26 18 41 30 1 28 30 37 8 14 40
- 44 7 33 28 32
- 8 9 35 36
- 41 12 16 45 46 33 44 40 11 6 48 40
+ 26 41 48 18 34
+ 26 41 48 41 48 48 41 14 40
- 29 23 29 1 27 5 48
+ 12 19 41 22 29 18 37 19 43 28
+ 36 34 6 26 19 28 14
- 18 20 30
- 18 11 8
+ 34 5 8 42 19 35 15 34 18 11
- 14 49 49 22 18
- 36 43 34 10 29 28 41
- 34 44 32 32 43 27 31 44 15 15 15 15
- 22 44 0 9
- 32
- 42 13 43 13
- 13 38 32 32
+ 26 18 49
+ 28 41 37 15 21 15 34 34 16 34
+ 15 23 47 49 24 4 24 49 34 44 20
- 18
- 15 6
- 15 44 45 27 5 13 27
- 10 38 49 21
+ 40 43 24 37 21 47 31 3 15 15
- 42 13 43 13
+ 49 49 22 47 49 22 49 47 29 28 41
+ 36 34 6 26 19 28 14
+ 15 23 17 20 31 32 44 20 31 11 32 18 34 44 16 26 34 34 16 49 21 31 16 37 45 22 20 19 5 48
- 18
- 3 33 44
+ 34 20 49 31 4 24
- 3 3 27 31 15 21 31 32 24 33 41 31 39 34 18 28
- 42 18 24 28
+ 28 43 0 11 26 32 32 32 32 32 32 32 32 32
- 49 27 31 44 21 32 44 11 34 15 13 34 39 6 35
- 21 37 15 41 24
+ 49 21 31 32 8 27 43 21 38 32 24 10 43 43 36 32 24 41 9
- 19 49 18 21 19 49
- 13 10 32 32
+ 36 34 18 12 44 44
- 12 9 34 15 19 4 22 29 40 35 41 48 47
- 3 19 41 25 28 38 43 2 20 17 35 36 41 14 34 15 37 45 3 36 15
- 23 22 2 26
- 37 31 29 28 43 15 39 27 30 14 14 14 12 14 14 14 7
- 26 11 24 41 36 19 18 5 18 34 20 31 32 16 36 10 30 13 31 14 14 37 24 48 34 6 26
- 35 34 1 10 26
+ 40 45 39 0 36 41 9 1 5 36 10 43 44 0 25 28 43 45 37 19 41 3 40
+ 12 44 24 49 31
+ 42 34 6 26 34
+ 25 4 24 4 49 3 12 9
+ 44 0 41 37 32 32 32 32
+ 49 34 34 20 31 48 36 15
- 38 40 24
- 22 37
+ 13 32
- 26 18 43 31 16 8 49 34 21 15 31 23 29 35 4 47
+ 10 16 37 24 41 36 20 49 31
+ 42 19 35 26 19 13
- 15 25 0 9 12 46 3
+ 40 21 49 18 21 31 32 44 0 49 44 35 26 15 27 18 34 20
- 25 44 26 32 32
- 31 22 24
+ 49 21 15 2 9 5 38
+ 15 34 16 41 30 15
- 23 0 0 43
- 33 32
+ 25 27 24 33 26 32
- 40 44
+ 37 15 49 22 2 16 20 11 4 36 35 18 31
+ 40 43 2 20 31 16 21 15 49 22 27 36
- 28 43 35 15 19 34 0 12 19 41 26 11 8 23 1 47 19 5 48
- 26 41 48 48 1 32 8 36 8 29 47 19 5 48
+ 28 43 0 28 43 0 10 20 31 16 0 32 8 40 4 14 34 4 15 19 0 33 0 26
+ 49 21 31 32 45 23 21 12 36
- 1 11 12 27
+ 10 20 31 32 16 39 16 34 32 43 17 20 31 35 17 5 38
+ 25 47 21 31 29 28 43 21 36 29 28 41
+ 10 20 31 11 32 27 34 29 28 43 45 37 9 40
+ 34 1 46 37 31 20 31 35 8 15 34 16 3 26 5 21 14
+ 34 20 49 24 4 17 29 28 30 1 28 43 45 40 1 49 33 29 24 45
- 5 47 12 40
- 40 44 40 25 47
- 46 29 27 5 21 14
- 32
+ 37 31 29 28 41
- 34 1 9 38 5 38
+ 22 46 49 15 47 31 27 5 48
- 13 46 32
+ 10 32 44 40 11 21 4 22 19 12 44
+ 10 32 8 40 49 34 15 5 31
- 47 18 44
+ 10 20 31 32 29 28 43 24 48
- 40 2 11 0 0 9
- 34 18 27 17 19 4
- 15 33 32
+ 13 32
+ 15 34 16 41 30 15
+ 26 48 41 23 41 36 5 45 29 4 22 27 18 44 48 33 27 5 48
- 3 0 13 20 31 35 39 17 32 36 15
+ 10 16 45 46 42 19 35 15 19 28 35
- 37 12 34 35 47
+ 25 4 22 45 44 27 41
+ 36 34 4 26 19 28 14
- 25 17 44 44 20 16 31
- 26 4 39
- 38 32 8 9 19 29 28 43 14 19 6 25 15 0
- 25 29 1 24 24 20
- 24 43 41
- 20 16
- 16 40 8 40 47
+ 3 1 16 26 49 22 11 39 35 30 12
+ 10 44 16 45 29 19 12 33 29 27 27 21 12 47 32 8 40 21
+ 3 1 16 11 39 1
- 34 35 1 48 29 1 17 48 29 40
+ 34 1
+ 3 40 41 9 48 41 36 5 45 27 5 48
+ 40 45 39 0 8 12 27
- 14 44 33 9 42 21 26 22 21 25
+ 34 1 46 13
+ 26 4 40 30 48
+ 42 34 15 1 23 11 18 45 46 11 26 32 32
+ 34 35 41 48 47
- 32
- 42 43 19 22 24 10 44 27 43 21 19 31 34 29 28 41
+ 25 45 21 49 47 29 28 43 24 41 9 47
+ 22 29 2 16 3 44 15
+ 42 6
- 25 19 15 25 15 18 22 19 49 24 34 13 34 6 15 6 14
- 25 11 2 44 32 21 36 39 0 20
+ 10 20 31 16 23 47 15 19 31 32 21 24 8 40 8 23 1 4 24 4 49 36
- 3 43 9 48 41 9 4 27 43 3 43 33 3 23 15 15
- 15 23 17 32 45 22 34 18 3 10 44 7 48 15 36
- 5 15 15
- 22 14
+ 37 12 3 3 23 44 11 32 26 5 21 25
- 25 38 29 28
+ 37 31 32 8 14
+ 15 44 35 20 45 44 36 13 40
- 15 34 44 0 29 22
+ 15 0 20 31 32 20 31 11 32 24 11 9
- 2 36 13
- 34 1 1 29 47 49 22 42 20
- 28 43 23 28
- 32 19 34 44 44 35 41 24 10 30
+ 34 5 49 0 20
+ 49 34 21 6 15 0
+ 15 23 45 45 3 3 36
+ 49 49 22 36 29 28 41
+ 12 22 9 34 15 13 34 39 43 1 27 5 21 14 1 1
- 28 43 10 37 31 29 28 30 14 14 1 28 30 13 31 14 15
- 37 31 44 29 28 43 24 10 43 21 27 27 44 11 32 34 40 43 24 37 8 27 43 44 0 34
- 36 19 47 21 6 8 32 41 12 44 18 0 20
+ 40 24 10 30 37 43 19 6 8 40 21 27 27 34 32 21 39 0 16 15 40
+ 34 13 34 15 20 31 23 39 23 47 31 46 10 20 31 16
+ 42 43 19 36 16 20 27 19 16 34 29 28 30 37 45 23 23 11 48 18
- 36 43 34 10 29 28 41
+ 22 10 15 15 15 15 15 15 15 15 15
- 26 3 3 36 15 15 24 8 15 15 15
- 10 44 44 29
+ 13 32 32 32 32 32 32 32 32 32 32 32 32 32 32 32 32 32
+ 37 6 39 32 16 25 28 30 1 28 43 44 40 4 9 18
+ 10 29 28 30 14 14 13 31 14 14 14 15
- 28 43 0 34 19 36 19 8 34 7 19 32 30 37 35 31 16 45
+ 10 32 24 48
+ 37 31 32 24 48 40
+ 42 6
- 15 41
+ 33 41 37 32 32 32 32 32 32 32 32 32 32 32 32 32 32
+ 28 12 34 15 5 37 45 37 9 34 24
+ 37 31 29 28 43 43 4 24
+ 10 32 44 36 1 3 15
+ 34 1 29 19 12 44 15 15 15 15 15 15 15
- 27 5 20 6
+ 3 1 29 28 30 15
- 26 11 44 14 8 40
+ 15 21 31 32 43 2 29 28 43 45 23 44 11 32 33 27 5 21 14 49
- 10 24 21 12 14
+ 25 11 48 1 27 3 3 23 0 20 31 32 44 20
- 42 31 28 32 43 2 29 41 46 32 28
+ 22 29 45 43 39 21 31 29 28 43 24 41 9 48 18
- 34 19 17
+ 49 49 22 38 29 28 30 14 14 37 43 18 39 40 39 13
+ 34 20 31 9 42 15 19 31 44 29 28 41
+ 49 15 29 35 41
+ 28 41 10 16 45 29 38 29 28 30 7
+ 26 18 34
+ 25 39 0 16 25 28 41
+ 25 4 24 4 18 23 23 36 32 21 29 19 18 40 18
- 42 43 35 49 34 4 11 34 42 34 13 34 3 20 15 38 16 17 5 45 31 42 15
- 13 41 20
+ 12 22 19 43 13
- 47 13 40 18 22 35 1 0 1 3
+ 42 6 14
+ 36 34 15 19 49 27 21 6 15 0
+ 42 19 0 10 32 43 24 31
- 35 41 33 0 41 32
- 33 3 42 37 29
- 25 17 20 31 35 26 34 21 6 49 0 29 28 43 8 36 5 13 21 11 11 45
- 44 26 32 32 47 32 32 37
- 15 31 4 2 32 44 14 40
+ 25 29 13 34 6 26 19 35 26 19 0 11 44
- 49 2 46 3 15 15 15
+ 37 12 3 22 46 33 41 37 32 32
+ 40 8 0 39 48 3 44 44
- 19 27 15 44
+ 15 21 31 16 20 39 0 29 28 41
- 36 10 39 40 35 30 2
- 38 47 47 6
+ 13 32
- 37 15 34 21 31 44 40 32 45 22 5 3 35 39 35 49 44 32 44 20
+ 40 43 36 44 44 16 20 18 1 20 31 11 32 44 15 15
- 16 40
- 35 1 38
+ 49 21 31 16 25 28 30 15
- 44 26 46 32 9
- 11 30 48 31 42 32 32
+ 3 39 0 20 4 22 49 24 37 31 32 21 39 0 16 25 28 41
+ 37 12 27 34 29 28 30 14 14 14 14 15
- 5 22 9 40
- 40 17 14 34 33 35 12
- 37 27 3 32 4 44 20
- 37 15 22 45 5 21 37 32
+ 22 23 47 31 10
+ 40 45 3 26 5 21 25
+ 10 44 20
+ 13 32
+ 15 21 15 49 22 24 31
+ 34 1 9 42 15 39 0 29 28 41
+ 10 44 16 39 48 47 44 16 11 41
+ 12 44 27 34 29 28 30 7
- 34 6
+ 37 15 31 29 11 4 40 30 35 35 12
+ 10 44 44 32 24 10 30 7
+ 10 29 28 30 1 28 43 24 48 40
- 29 46 20
- 19 33 21 25 45 44
+ 13 32
- 7 0 16 45 29
- 15 34 29 28 30 8 15 0
+ 13 32
+ 10 32 45 37 9 34 18 37 12 19 48 24 10 32 45 3 24 26 41 48 11 43 2 16 34
+ 49 15 29 35 41
- 34 34 22 24 31 39 32 44 43 49 4
- 14 49 34 16 0
+ 3 37 44 3 22 46 22 29 45 24
- 11 41 25 32
- 1 42 44 20 35 35 15 0
- 49 30 2
+ 15 0 20 31 35 26 19 5 21 25
+ 44 41 37 32 32 32
+ 25 11 39 35 49 40
+ 22 23 24 11 41
+ 34 5 37 43 24
+ 49 15 49 47 20 31 35 25 28 41
+ 10 16 20 19 31 29 28 43 24
+ 34 1 24 44 16 23 25 36 20
- 11 41 25 32
+ 40 44 27 30 37 45 23 21 6 25 28 41
+ 36 34 4 26 34 39 19 13 13
+ 13 32 32 32 32 32 32 32 32 32 32 32 32 32 32 32 32 32
- 15 34 44 0 29 22
+ 11 0 41 37
- 24 31 21 15 15
+ 34 5 3 36 15 15 15
- 19 40 31 16 8 42 19 35 15 43 1 25 44 34 35 49 0 16 49 44 32 44 29 17 41
- 23 0 0 43
+ 28 12 34 24
- 24 9
- 25 27 24 23 10 29 28 43 40 37 9 40
- 10 44 44 29
- 12 22 19 41 34 39 34 39 35 19 0 49 49 24 4 38 44 31 16 29 39 35 18
+ 15 23 38 32 8 27 43 21 36 29 28 41
+ 10 20 31 35 34
+ 28 41 33 26 32 32 32 32 32
- 34 1 24 23 2 20 31 44 45 46 40 21 19 10 25 29 20 2 3 15 15 15 15
- 10 29 4 28 41
+ 40 43 27 24 33 26
+ 28 41 22
+ 34 5 39 32 29 28 43 44 27 41
+ 49 2 9 5 38 36 10
- 35 12 22 44 36 44
- 12 16 21 41 36 38 18 24 47 28 28
+ 34 19 17 44 20 31 32 16 26 31 24 21 31 44 44 29 28 41
+ 10 44 44 32 8 27 43 21 45 24
+ 34 1
- 0 18
+ 11 0 41 37
+ 3 3 33 9 5 45 31 27 5 21 25
- 6 23 24 25 28 41
- 22 23 47 34 23 36 32 21 25 17 0 34
- 3 40 41 27 37 14 34 4 27 6
+ 40 21 27 47 44 29 28 43 43 11 30 35 48
+ 10 32 8 0
- 7 0 16 45 29
+ 40 43 27 24 33 26
+ 28 41 28
- 34 28 1 10 45 41 0 26
- 3 30 22 20 15 49 44
+ 3 23 23 38 16 37 21 25 27 26 5 21 25
- 37 44 15 49 15 15 41 15 15 15
+ 25 45 8 40 30 2
- 12 1 44 36
- 0 35
- 44 28 41 16 37
+ 34 19 36 32 24 48 40
+ 42 6 14
- 32 39 35 1 5 29 20 31 10 15 15 15 15 15 15 15
- 20 2 9 5 38 36 7 36 7
+ 11 26 32 32 32 32 32 32 32 32
- 38 40 45 37 19 41 22 3 15 15 15
+ 12 19 41 15 21 12 47 20 31 32 20 31 16 21 15 21 15 19 5 48
- 38 34 13
- 15 23 35 49 34 6 15 19 0 40 44 27 43 43 18 3 26 5 48
+ 40 43 25 29 19 19 12 18 23 11 18 37 21 27 47 29 28 30 13 31 14 14 14 14 14 1 28 30 1 28 43 24 10 30 13 31 14 14 14 37 8 9 11 24
- 12 22
- 15 14 48 18
+ 3 23 0 20 31 32 32 8 23 41 0 39 35 17 42 34 23 2 20 31 32 29 28 41
+ 40 21 19 15 49 22 11 41
+ 34 19 45 43 38 29 28 41
- 40 8 36 20 38 6 36 34 39 6 14
- 3 1 32
+ 49 15 29 13 34 15 35 48 18
- 22 46 24 15 11 11 43 41 25 19 12 24 26 4 23 41 27 43 8 0 41 43 44 40 39 20 34 44 48 33 9 5 38 36 46 16 17 36 7 36
- 7
- 34 20 49 31 4 47 21 15 2 19 6 20 38 29 28 30 1 28 41
+ 25 49 47 44 16 37 24 41 9 48 41 27 30 37 43 25 11 47
- 13 41 20
- 20 19 5 5 7 1
- 21 49 40
- 28 22 27 1 31
- 42 18 24 28
+ 28 12 34 15 1 24 21 31 16 11 47
+ 3 37 22 22 22 27
- 25 19 31 20 31 35 3 41 34 5 3 19 11 32 18 23 27 33 3 15 15 15 15 15
+ 37 12 33 10 15
+ 10 16 49 21 15 19 5 48
- 37 31 23 44 48 44 15 15
- 12 11 32 30 22
- 33 18 6
+ 10 44 16 15 40
+ 36 34 18 25 18 1 44 44 16
+ 15 0 16 3 24 22 9 42 2 9 42 21 12 3 3 40 18
- 34 35 43 29
- 12 26 19 36
+ 33 41 37
+ 42 43 20 2 23 17 44 32 43 38 20 31 35 15 0
- 37 7 10 41 30 7
- 25 44 26 32 32
+ 15 0 16 3 24 22 9 42 2 9 42 21 12 3 3 40 18
+ 28 43 13 0 25 11 11 43 29 19 24 3 19 32 20 31 48 19 16 44 11 32 24 15 44 16 21 15 19 5 48
- 49 2 24 0 29 28 30 46 37 43 38 32 45 39 35 27 43 43 45 43 29 35 1 35 48 18
+ 12 19 41 26 47
+ 3 23 23 38 16 37 21 25 27 26 5 21 25
+ 10 16
- 28 18 21 24 26 34 34 44 16 17 21 5 21 12 19 32 1 20 31 29 35 25 28
- 37 31 29 28 43 15 39 27 30 14 14 14 12 14 14 14 7
- 16 44
+ 10 32 21 2 32 45 37 27
+ 49 34 34 20 31 48 36 15 15
+ 49 15 38 32 21 2 32 44 23 41 36 19 25 17 29 28 41
+ 28 43 13 28 35
+ 40 8 40 1 35 18 41 41
- 30 42 43 6 14 34 12 12 12 12 28 28
+ 26 18 26 21 15 19 5 48
- 37 31 44 32 43 49 33 9 5 45 2 43 37 31
+ 40 8 9 18
- 40 3
+ 42 6
- 45 21 26 32 32
- 42 43 13 9 34 7 15 1 27 19 5 44 15 8 15 15 15
- 10 32 43 11 11 43 39 23 39 49 24 12 9 40
+ 3 3 3 15 34 16 17 5 38 36 10 36
+ 25 2 20 31 11 32 47 16 39 16 44 35 34
+ 25 4 24 4 38 32 21 49 36 15
- 40 24 41 0 8 40 34 31 45 39 9 47
+ 42 43 35 18 8 34 19 39 44 16 34 20 31 32 16 49 0 20 31 16 34 44 44 16 45 9 42 2
- 12 22 9 27
- 20
- 10 20 31 8 44 16 5 48 33 46 49 16 19 5 48
- 10 39 28 6 20 30 1 28 41
+ 37 31 16 3 47 44 20
- 44 49
+ 42 43 35 39 5 15 40
- 5
+ 3 22 5 17 5 38 36
+ 11 0 26 32 32 32 32
+ 22 29 49 44 15 15 15 15 15
- 33 41 32
+ 22 9 5 45 15 2 29 28 30 1 28 30 7
+ 40 44 36 20 31 23 36 44 44 20 31 16 23 2 44 29 28 43 24 10 41
+ 15 23 18 3 24 3 40
+ 34 19 2 16 25 28 41
- 11 0 0 7 37 37
- 21 18
- 25 29 21 6 31
- 34 34 23 24 17 21 31 18 20
- 24 9
- 36 34 39 35
- 42 46 20 24 44 32 29 28 23
- 17 20 34 44 15 43 40
- 44 41 37 46 32
+ 37 12 19 35 15 0
+ 42 19 35 15 34 6 26 43 35 49 40
+ 49 2 10 15 15 15 15 15 15 15 15
- 11 41 44
+ 42 43 20 34 23 29 5 39 35 11 39 35 41 48
- 3 12 20 2 34
- 12 41 11
- 31 49 49 22 36 16 25 34 21 19 4 47 12 44
+ 22 24 44 11 32 3 13 32
- 34 5 45 25 18
+ 40 45 39 23
- 35 26
+ 10 32 44 40 18 15 40
- 28 36 25
+ 34 19 2 16 25 28 41
- 28 41 21 12 29 28 45 41
- 42 43 20 2 3 15 15 15 0 15 15 15
- 13 25 32
- 28 15 48 18 32 29 28 41
+ 49 15 24 41 43 21 24 45 9 42 49 24 4 18 23 0 44 20 31 11 32 47 29 28 43 44 9 11 8 9 4 36 1 29 24 15 40
- 11 41 44
+ 10 32 45 3 47 32 45 23 34 32 24 10 41
- 3 40 1 17 28 43 8 4 0 8 10 32 21 39 34 16 39 32 32 44 40 39 19 25 24 15 0
+ 49 2 9 42 34 0 16 36 48
+ 22 24 0 29 28 30 1 28 43 8 36 19 24 8 34 5 49 23 45 21 18 1 32 44 40 41
- 10 29 28 43 45 36 24 37 21 29 40
+ 10 44 20
+ 13 32
- 27 34 16 25 28 43 43 4 22 29 13 40
- 28 12 17
+ 13 32 32 32 32 32 32 32 32 32 32 32 32 32 32 32 32 32 32
- 40 44 49 22
- 45 43 10 26 41
+ 40 45 39 0 8 12 27
- 49 30 2
- 25 16 36
+ 25 25 11 4 23 41 14 40
- 10 20 31 16 11 0 44 7 34
+ 36 34 6 26 34 4 26 19 13 13 28 14
- 12 26 19 36
- 49 33 22 20 31 48 17 44 18
- 11 37 4 32
+ 34 19 17 29 28 30 7
+ 10 16 37 24 41 36 20 49 31
+ 36 34 4 15 19 0 37 6 11 30
+ 28 12 34 39 34 18 15
- 49 2 25 13 34 18 26 49 40
- 40 36 7 20 31 36 15 3
- 37 6 45 9 5 45 15 4 22 39 44 16 21 6 49 0 16 41 43 8 36 35 1 10 15 15
- 15 23 19 31 30 20 31 32 29 17 30 15
- 9 36 24 28 12 28 28
- 49 21 31 20 31 42 34 32 45 22 20 19 5 21 14 49 49 49 1 1 1 1 49 1 1
- 41 3 3 33 4 46 3 15 15 15
- 49 34 21 31 44 20 31 16 32 23 38 16 25 28 41
+ 26 4 23 1 45 8 40 11 45 40 41 9 4 23 41 36 1 10 15
- 15 25 14 19 2 5 15
+ 40 8 36 13 40
- 25 17 20 31 35 26 34 21 6 49 0 29 28 43 8 36 5 13 21 11 11 45
- 34 20 21 38 6 45 27 5 48
- 42 34 39 31 43 35 18 31
+ 42 19 35 15 34
- 0 11 48 36 31
- 32 42 34 39 19 35 15 19 28 35
+ 34 19 47 31 10 15 15
+ 3 3 18 21 6 39 48 26 5 21 30
- 25 5 32 36 15 27 15
- 32 26 29 4 17 40 39 49 19 15 26 5 21 30
- 8 9 35 36
+ 36 34 24 12 28 28 12 12 28 12 28 12
- 3 40 1 26 5 21 30
- 13 0 32
- 3 37 19 43 0 40 45 2 22 5 15 0
- 3 22 32 19 29 19 27 19 48 47 32 45 37 9 1 34 26 4 28 43 13 34 18 40 24 10 30 15
- 22 25 43 24
- 28 21 47 27 15 15 11 18 11 48 1 12 17 16 41 43 24 48 34
+ 15 34 32 45 1 29 28 30 15
- 11 18 1 41 42 19 35 15 19 13
+ 34 1 46 34 5 34
+ 26 11 43 25 36 32 21 27 27 34 32 44 0 26 49 24 4 18 22 13 40
+ 40 45 40 1 38 44 16 15 40
- 7 15 48 5
- 42 20 6 29
+ 25 29 5 41 43 45 1 32 24 48 34 24 28 12
+ 22 46 28 43 0 34 13 40
+ 37 12 3 3 23 44 11 32 26 5 21 25
+ 3 37 44 26 5 21 30
+ 15 23 36 16 26 2 10 15
- 12 43 34 41 36 46
+ 3 3 3 15 34 16 17 5 38 36 10 36
- 25 24 41 14 34 6 15 19 0 9 28 41 42 19 0 26 48 41 23 41 0 34
+ 15 0 20 31 11 32 24 22 27 5 21 14 49 49
+ 49 2 24 34 29 28 41
+ 15 23 36 16 20 17 32 43 24 45 23 2 16 3 36 15
- 44 17 44
- 26 26 14
+ 3 39 40 49
- 28 43 13 13 0 26 9 48 39 5 31
+ 26 11 45 23 0 44 29 28 30 37 44 14 34 39 19 0 13 32 32 32 32 32
+ 10 20 31 32 16 49 0 29 28 30 13 31 14 1 28 43 45 23 44 16 34 16 15 0
+ 28 41 49 31 3 15
+ 26 4 23 18
- 25 25 39 46 31 32 38 29 28 20 21 11 1 19 18 3 36 15
- 3 43 9 48 41 9 4 27 43 3 43 33 3 23 15 15
- 13 40 12
+ 37 15 15 17 16 15 40
+ 13 32
+ 25 45 45 1 20 31 11 32 44
+ 37 12 3 22 46 33 41 37 32 32
- 11 18 9
+ 25 27 47 32 43 36 29 28 41
- 19 49 18 21 19 49
+ 28 43 35 15 34 39 19 13 13 0 40 8 40 1 35 4 9 1 20 21 6 25 28 41
+ 12 44 33 29 2 44 32 24 41 27 41
+ 10 32 8 0
- 29 46 20
+ 15 23 36 20 31 35 34
+ 3 1 16 20 17 29 28 30 1 28 43 24
- 10 39 28 6 20 30 1 28 41
+ 28 43 0 11
+ 42 6
- 25 22 8 34 9 40
- 25 2 44 12 39 39 5 29 38
- 37 31 20 31 16 21 20 31 48 29 49 47 20 31 11 32 18
+ 44 26 32
+ 15 34 29 28 30 7
- 36 31 40
+ 15 0 20 31 32 16 15 0
- 49 12 3
- 37 31 20 31 16 21 20 31 48 29 49 47 20 31 11 32 18
+ 40 43 36 20
+ 34 5 37 24 41 40
- 49 34 21 31 44 20 31 16 32 23 38 16 25 28 41
- 3 12 20 2 34
+ 25 19 15 34 23 39 44 32 32 44 40 1 1 3 15 15 15 15 15 15 15
+ 12 19 43 0 15 21 12 18 34 32 24 10 41
- 36 10 39 40 35 30 2
+ 49 15 27 36 15 15 15
- 25 24 17 5 45 15 4 22 19 12 18 42 7 34 44 29 28 30 37 44 23 1 34 18 37 43 27 12 36 15
- 42 34 4 19 0 13 32 32
- 37 31 18 44 44 29 32 45 39 14 40
+ 28 41 37 31 29 28 30 1 28 41
+ 49 21 31 20 31 16
+ 25 27 26 5 21 14
+ 12 19 12 34 39 6
+ 3 39 9 48 41 23 18
- 22 46 3 3 19 28 48 18 34 20
+ 13 32
- 35 1 38
+ 40 21 2 32 44 27 30 15
- 10 12 41 23 19 46 15 21 12 44
+ 49 49 22 36 29 28 41
- 29 7 21 18 32
- 10 16 36 41 9 18 8 37 32 20 31 48 24 20 34 23 17 29 28 43 43 4 22 17 29 28 41
- 25 18 3 27 0 20 31 11 32 33 24 34 10 16 26 49 34 31 4 49 19 11 32 33
- 31 23 40 15
+ 40 21 36 20
- 3 40 27 33 46 44 9
- 20 19 5 5 7 1
- 15 23 17 32 21 21 49 34 4 15 19 35 26 6 35
+ 22 24 21 12 24 33 9
- 40 42 43 30 5 47
- 12 41 11
+ 25 11 4 36 1 27 5 21 14 49 49 1 1
+ 25 4 24 4 49 3 12 9
+ 3 22 5 17 5 38 36
+ 40 8 0 15 0
- 10 45
+ 25 24 20 39 21 31 32 24
- 37 15 21 8 12 33 9 5 38 36 10
- 11 10 15 15 15
- 26 19
+ 42 43 19 29 19 38 29 28 43 45 23 44 35 37 43 39 0 32 8 27 41
+ 15 23 36 16 26 2 10 15
- 0 39 30 28 21 36 2
+ 28 43 35 26 6 14
+ 49 34 21 15 15 39 44 48 33 10 15
- 49 3 3 24 10 44 29 28 30 13 31 14 13 31 14 14 14 1 28 43 8 0 19 19 35 25 30 30 1 28 30 14 14 37 45 23 21 15 49 31 4 11 21
- 43 26 32
- 36 45 34 18 10 44 44 32 45 37 19
+ 25 17 16 45 10 15
+ 22 24 21 6 39 35 34
+ 40 8 27 30 1 28 41
+ 3 1 16 36 10 41
+ 28 41 22 27 5 21 14 1
+ 26 39 20 49 22 29 20 34 23 11 49 34 39 6 35
+ 37 12 47 32 44 27 41
- 1 3 15
+ 26 30 35 35 48
- 25 48 36 24 4 11 22 1 5 25 28 42
- 37 11 13
+ 42 19 35 15 43 19 29 5 26 34 0 44 29 28 43 24 10 43 45 39 9 21
+ 26 4 23 18
- 44 7 33 28 32
- 3 22 1 46 34 12 19 35 39 32 32 8 14 45 34 24 12 28 28 17 17 12 12 12 28 12
- 5 29 36 19 12 25 27 0 20
+ 36 34 39 43 1 9 42 15 17 20 31 11 32 3 11
- 10 29 28 39 37 44 23 18
- 21 16 40 47
- 7
+ 3 22 19 27 3 42 34 4 15 19 0 44
+ 40 43 24 37 21 47 31 3 15 15
- 22 9 5 45 49 31 47 21 20 22 29 43 5 34
- 27 9
- 10 16 37 44 31
- 42 19 0 10 29 47 28 43 24 42 41 36 20 40 19 5 48
- 15 21 6 49 26 31 27 35 48
- 44 41 30 37 32 32 24 32
- 40 36 23 48 41 27 41
+ 37 31 29 28 41
+ 25 27 33 10 15 15
+ 34 20 21 31 44 29 28 41
+ 10 29 28 43 44 40 4 23 41 9 18 41 41
+ 28 41 37 15 21 15 34 34 16 34
- 49 49 21 15 31 42 15 2 20
- 25 18 3 5 48
+ 40 43 36 44 44 16 20 18 1 20 31 11 32 44 15 15
+ 42 43 1 46 36 40
+ 10 44 29 28 43 43 2 16 15 40
+ 10 32 8 40 21
+ 12 9 34 15 19 49 33 23 19 15 34
- 10 44 20 40 31 35 41 41
- 44 32 43 19 5
+ 3 39 0
- 26 3 25 13 34 12 18 15 44 35 3 44
+ 49 21 12 19 48 47 44 20 31 48 27 23 17 32 21 11 21
- 18 20 33
- 3 22 46 41 30 13 31 14 37 45 37 44 36 15 15 15 15
- 15 22 45 23 49 47
- 10 44 32 28 21 38 32 27 41
+ 34 1 24 23 24 11 41
+ 25 4 31
- 14 41 37 32
- 44 39 41 37 32 32 32
- 25 19 31 20 31 35 3 41 34 5 3 19 11 32 18 23 27 33 3 15 15 15 15 15
+ 15 0 16 49 34 32 43 45 8 23 18
- 28 11 41 7 44
- 49 19 6 11
+ 42 34 15 1 23 11 18 45 46 11 26 32 32
+ 40 24 48
- 22 27 5 26 14 5 25
+ 10 16 49 21 15 19 5 48
- 40 31 4 21 24 48 40
- 42 19 0 12
+ 26 39 19 2 16 25 28 30 1 28 43 24 41 14 40
- 49 49 31 4 49 3 10 20 31 35 17 5 38 36 10 36 10 36 16 17 36 10 36 16 44 46 31 16 44 10 31 7
+ 15 34 44 16 3 27 44 16 34 16 39 16 0 20 31 16 0 29 28 41
- 19 35 30 8 12
- 21 41 48 49 34 6 15 43 35 0 25 28 43 43 18 1 20 31 11 32 30 15 15
- 31 17 32 18 40 32 32 32 32 36
+ 34 5 34
+ 10 32 44 40 11 21 4 22 19 12 44
- 42 12 19 35 26 19
- 10 32 43 11 11 43 39 23 39 49 24 12 9 40
- 15 0 23
+ 15 23 18 22 1 9 42 15 47 34 0 44 32 44 27 43 45 23
- 7 39
+ 25 11
- 49 34 34 32 21 25 47 44 14 21 15 21 31 16 34
+ 37 15 21 6 36 48 34 6 15 6 14
- 21 22 14
+ 12 9 34 15 19 49 33 23 19 15 34
+ 36 34 6 15 43 20 15 49 44 15
+ 15 34 29 28 30 14 14 13 31 14 14 14 7
- 37 6 26 49 22 38 16 39 11 32 33 46 42 29 19
+ 34 5 49 21 12 3 15
+ 28 41 28 43 35 15 19 0 15 21 6 37 44 9 47
+ 40 43 25 47 31 23 11 18 45 9 5 45 21 6 41 41
+ 44 41 37 32 32 32
- 12 17 40
- 26 32 32
+ 37 31 29 28 43 43 4 24
+ 49 21 15 2 9 5 38
+ 36 34 39 19
+ 36 34 24 28 12
- 19 10 43 35 15 43 5 37 16 25 47 34
+ 12 22 19 43 35 15 6
- 48 13 32 24 32
+ 3 1 20 31 11 32 26 5 48
+ 25 29 19 38 16 17 42 15 39 23 4 24 4 2 44 32 24 48 34 18 40 44 23 18
- 30 17 18
- 5
+ 37 31 29 28 41
- 3 39 25 48 28 41
+ 49 34 23 36 16 8 12 9 34 39 19 28 35
- 7 34 19 25 36 32 49 47 39 49 5
+ 40 21 49 18 21 31 32 44 0 49 44 35 26 15 27 18 34 20
+ 34 5 39 35 49
+ 15 23 36 16 20 17 32 43 24 45 23 2 16 3 36 15
- 13 25 32
+ 15 23 24 49 21 12 18 34 32 24 41 40 1 13
+ 15 34 44 44 20 31 32 44 32 8 40 11 45 23 34 16 36
+ 37 15 21 6 36 48 34 6 15 6 14
- 26 39 1 23 29 20 49 22 5 1 19 2 47 44 32 26 45 40 18
+ 25 49 33 3
- 25 27 24 23 10 29 28 43 40 37 9 40
+ 3 39 9 48 41 14 40
+ 22 46 33 26
- 49 9 42 2 29 24 10 30 1 28 30 13 31 14 7
- 26 31
+ 42 19 35 26 43 5 39 32 44 20 31 48 44
+ 10 32 8 40 21
- 36 5 15 14 23 21 21
+ 49 21 31 32 43 19 6
- 34 1 24 23 2 20 31 44 45 46 40 21 19 10 25 29 20 2 3 15 15 15 15
- 27 34 16 25 28 43 43 4 22 29 13 40
- 49 21 6 36 34 18 33 41 37 32 32 32 32
+ 42 34 18 42 19
+ 26 39 35 30 2
+ 40 8 14 34 39 19 28 14
- 15 26 19 32
- 49 2 46 3 15 15 15
- 49 12 3
+ 25 2 20 31 11 32 47 16 39 16 44 35 34
+ 26 49 34 18 42 43 19 25 49 36 15
+ 37 12 27 34 29 28 30 14 14 14 14 15
+ 28 41 15 44 32 20
+ 25 49 33 3
+ 42 43 20 2 23 17 44 32 43 38 20 31 35 15 0
- 44 39 37 32 32
+ 34 13 34 15 20 34 0 16 25 28 43 21 39 23 19 12 36
- 18 13 43
- 25 38 37 44 4 16 44
+ 37 31 29 28 43 45 3 26 5 21 25
- 23 23 34 18 45 12 8
- 35 8 39 27 30 37 27 7 48
+ 10 44 44 16 15 40
+ 26 48 41 9 21
+ 49 15 11 4 9 21
- 42 49
- 31 36 32 14
- 10 29 28
+ 34 1 46 26 48 41 40 47
- 33 0 8 26 32
- 37 15 5 48
+ 42 19 0 3 39 0 41 43 43 19 31 20 31 35 3 44
+ 25 36 44 20 31 11 32 36
+ 37 15 21 6 39 16 21 6 15 40
+ 37 12 19 48 44 15 15 15 15 15
- 26 3 25 13 34 12 18 15 44 35 3 44
+ 3 22 1 27 5 48
+ 37 31 32 21 2 20 31 11 32 36 15 15 15 15 15 15 15 15 15
- 26 1 5 26 4 31 4 49 26 21 14 1 49
- 14 49 49 22 18
- 31 44 21 32 32 32 32
+ 37 12 24 11 0 44
+ 25 17 29 28 43 43 49 47 44 32 21 39 44 11 32 27 44 48 26 5 48
+ 36 34 18 42 19 13 0 28 41 3 1 20 31 11 32 26 5 48
- 32 5 20 44 24 5 31
+ 49 2 9 42 19 5 48
- 27 18 44 36 29 7
- 16 13
- 15 23 17 32 45 22 34 18 3 10 44 7 48 15 36
+ 12 44 19 32 20 31 32 44 44 44 20 31 32 44 32 8 14 34 15 13 40
- 15 25 14 19 2 5 15
+ 34 35 39 13 40
- 0 35
- 28 45 44
- 15 41
+ 34 20 19 5 21 30
- 4 20 24 44 32 19 42 2 27 7 5 30
- 3 44
- 28 12 17
+ 34 19 4 24 4 17 44 20 31 48 33 29 25 11 49 40
+ 3 3 26 5 21 25
- 11 0 41 34 8 32 32 32
+ 3 39 0 20 4 22 49 24 37 31 32 21 39 0 16 25 28 41
+ 37 15 34 23 38 32 8 23 1 19 12 47 29 28 43 24 10 41
+ 22 9 42 15 49 19 48 36
- 40 40 2 20 9
- 15 44 11 15 12 15 15 15 15 15 15
+ 42 43 20 15 47 15 2 32 43 47 19 5 48
+ 25 24 20 39 21 31 32 24
+ 15 23 18 3 24 3 40
+ 34 5 37 45 39 23 41 0 11 21
- 26 11 24 41 36 19 18 5 18 34 20 31 32 16 36 10 30 13 31 14 14 37 24 48 34 6 26
- 3 3 3 34 13 34 34 6 26 19
- 49 49 31 4 39 10 34 44 20 31 16 0 16 15 35 8 15 23 4 49 24 18 28 41 44 26
- 22 14
- 28 41 36 37 34
- 5 29 36 19 12 25 27 0 20
+ 15 23 25 4 22 25 4 31 4 36 32 43 45 8 27 30 15
+ 15 0 32 43 39 0 20
+ 49 15 11 4 9 21
+ 10 20 31 32 16 39 16 34 32 43 17 20 31 35 17 5 38
+ 15 0 29 28 41
- 22 27 5 6 48
+ 15 34 16 36 41 23
+ 36 34 6 26 19 35 15 6 14
+ 49 34 34 29 28 30 1 28 30 14 14 14 14 13 31 14 13 31 14 14 14 13 31 14 37 24 41 40 39 20 31 9 5 45 2 10 15 15 15 15 15 15
- 15 21 6 49 26 31 27 35 48
+ 34 5 39 32 29 28 43 44 27 41
+ 10 20 31 11 32 26 5 21 30
+ 22 24 23 25 18 3 24 49 34 44 48 27 23 36 16 49 23 49 24 3
- 29 23 29 1 27 5 48
- 39 37 12 27 21 15 19 25
+ 15 0 32 43 39 0 20
- 37 12 49 24 4 2 49 4 47 34 0 20 31 11 24 32 36
- 10 16 20 26 49
+ 10 32 8 40 49 34 15 5 31
- 38 9
+ 34 5 37 43 24
+ 49 34 34 20 31 48 36 15 15
- 21 31 16 25 28 43 8 24 9 23 18
+ 34 13 34 39 34 6 26 43 1 9 42 2 3
- 33 32
+ 22 9 42 49 22 24 37 21 25 25 18 40 1 18 40 18
- 12 44 24 49 32 44 5 39 11
+ 15 44 32 20
- 12 16 21 41 36 38 18 24 47 28 28
- 13 13 32
- 12 22 19 41 34 39 34 39 35 19 0 49 49 24 4 38 44 31 16 29 39 35 18
+ 12 19 43 0 26 21
- 10 1 39
+ 34 1 9 42 19 5 21 25
- 3 39 25 48 28 41
- 10 32 17 27 20 41 15
+ 10 29 28 43 44 0
+ 40 43 25 47 31 23 11 18 45 9 5 45 21 6 41 41
- 10 29 28 39 37 44 23 18
+ 15 34 29 28 43 24
+ 15 44 35 49 34 44 20
- 12 0 0
- 36 24 44 9
+ 22 46 3 22 19 39 34 20
+ 26 1 19 36 44 20
+ 49 2 10
- 32 28 32 32
+ 22 46 22 23 45 24 48
+ 42 43 19 36 20 31 48 33 23 38 29 28 30 1 28 41
- 34 18 30 32 3
- 49 2 2 23 35
- 49 49 21 15 31 42 15 2 20
- 36 34 0 9 19
- 22 25 43 24
- 23 16 38 29 28 30 37 43 49 26 5 21
+ 49 15 24 41 43 21 24 45 9 42 49 24 4 18 23 0 44 20 31 11 32 47 29 28 43 44 9 11 8 9 4 36 1 29 24 15 40
+ 25 36 16 11 48
- 28 15 48 18 32 29 28 41
- 3 23 0 44 44 29 28 43 45 37 19 12 18 44 41 37
+ 25 11 4 36 1 27 5 21 14 49 49 1 1
+ 26 18 39 11 32 19 35 26 31 24 0 32 45 1 16 26 34 34 20 31 35 39 16
- 4 6 9
+ 15 34 20 31 11 32 26 5 48
+ 15 0 44 44 29 28 30 15
- 25 0 38 32 24 34 18 36 40
+ 34 20 15 4 24 4 38 29 28 30 13 31 14 1 28 30 14 14 7
+ 25 11 1 20 49 24 4 27 44
- 48 13 32 24 32
+ 40 45 39 9 49 34 24
+ 22 46 28 43 0 34 13 40
- 10 22 15
- 19 26 5 0 25
- 10 20 5 31 32 22 34 29 49
- 26 11 44 23 24 37 21 37 20 27 26 5 30
+ 40 21 25 25 4 31 4 18 22 5 26 19 5 48
- 40 17
+ 42 43 19 47 15 18 22 20 15 49 36 15
- 10 20 31 48 26 5 21 35
- 40 29 24 48
- 13 45 28 32
+ 37 12 27 23 18 22 1 27 5 48
- 12 22 20
+ 25 25 39
- 15 17 11 18 39 13 2 45 40
+ 36 34 18 12 44 44
+ 25 36 44 20 31 11 32 36
- 11 3 24 27 11
- 47 49 5 5 48
+ 40 21 17 16 15 0
+ 34 5 17 5 45 2 27 5 48
+ 12 44 33 9 42 21 31 16 8 40 8 23 1 4 22 38 44 29 28 43 44 0 17 5 45 34 21 6 8 22 10
- 7
- 13 10 32 32
- 7 22 37 24 21 31 20
+ 42 6
+ 37 15 31
- 49 15 49 32 26 38
+ 13 32
+ 13 32
- 34 35 27 43 24 41 9 37 0
+ 40 8 9 18
- 11 0 0 26 22 32
- 28 15 22 23 7 19 5 48
- 40 45 3 21 6 49 21 20 31 11 32 49 44 38 44
- 10 20 31 48 18 0 44 32 4 21 47 15 38 20 31 35 41 30 37 24 41 0 41 30 7
+ 10 44 20 31 16 21 6 3 47 44 44 29 28 43 21 47 15 17 32 43 47 21 6 36 10 30 13 31 14 1 28 43 21 45 24 10 41
+ 28 41 10 29 28 41
- 11 26 14 32 32 32 32 32 32
- 22 23 2 32 43 36 37 15 15 15 15 15
+ 36 34 4 26 19 28 14
- 44 41 37 46 32
- 3 1 10 39 45 22 13
+ 37 6 26 34 44 11 32 33 24
- 1 10 42
+ 22 46 33 26
+ 44 26 32
+ 3 40 41 40 41 48 39 19 2 44 32 44 23 18
- 13 34
+ 40 21 25 18 39 0 31
+ 26 39 20 49 22 29 20 34 23 11 49 34 39 6 35
- 3 44
+ 15 23 11 30 2
+ 3 23 44 48 36 15 15 15
- 49 39 2
+ 37 6 17 5 45 31 9 5 45 21 12 36 15
- 44 6 27
+ 42 34 6 15 19 35 26 19
+ 12 19 12 34 39 6 14
+ 26 30 35 35 48
- 25 0 38 32 24 34 18 36 40
+ 3 23 34 32 8 9 30 36 12
+ 15 34 32 44 27 41
- 32 18 37 15 15 24 28 41 13 32 32 32 32
- 42 43 6 35
+ 3 39 40 49
- 49 29 10 23 36 32 44 0 15 40
+ 12 19 43 0 10 20
- 35 41 33 0 41 32
+ 42 43 19 36 20 31 48 33 23 38 29 28 30 1 28 41
- 33 24 12 32 32 32
+ 10 20 31 35 34
- 13 32 32 32 21 32 32 32 32 32 32
- 40 24 41 0 8 40 34 31 45 39 9 47
+ 37 15 31 29 11 4 40 30 35 35 12
+ 25 4 31
- 38 9
+ 10 44 44 32 44 14
+ 49 2 10 15 15 15 15
+ 15 21 31 44 44 44 20 31 16 34 20
- 42 38 27 34 5 13
- 14 49 34 16 0
- 13 41
+ 13 32
+ 12 9 34 24 12 28
+ 44 0 41 37 32 32 32 32
+ 22 9 5 45 34 0 32 8 0 20 19 31 29 28 43 45 3 47 29 28 41
- 49 33 22 20 31 48 17 44 18
+ 28 43 0 3 23 34 44 32 43 27 27 34 44 29 28 41
+ 12 44 19 11 32 27 21 6 34
+ 3 39 27 43 21 27 19 32 29 28 30 1 28 41
+ 10 20 31 16 34 44 16 15 0
+ 42 34 24 28 28 12 28 28 28 12 28 28 28 12 12 28
+ 15 23 29 5 34
+ 3 23 44 16
- 33 16 9
+ 33 41 37
- 34 19 25 29 1 27 9 48
+ 3 40 41 9 18 36 48 40
- 32 28 32 32
- 18 34 6 15 6 14
- 33 42 32
- 25 49 27 0 28 3 47
+ 25 49 47 32 43 24 34
- 4 40
+ 28 41 12 44 26 5 21 14 49 49 1 49 1 1 49
+ 3 22 5 31
- 42 49
- 34 2 29 7 11 41 48 47
+ 49 15 38 32 45 39 9 30 48
- 3 37 19 43 0 40 45 2 22 5 15 0
- 12 28
+ 36 34 24 12 28
+ 10 20 31 32 16 49 0 29 28 30 13 31 14 1 28 43 45 23 44 16 34 16 15 0
+ 42 19 13 13 28
+ 10 44 16 39 48 47 44 16 11 41
+ 44 41 37 32 32 32 32 32
+ 44 26 32 32 32 32 32 32 32 32 32
+ 34 13 34 24 12
- 11 3 24 27 11
- 31 23 40 15
+ 28 41 15 44 32 20
- 20
- 42 19 0 37 6 5 26 21 15 31 46 22 27 5 48
- 34 42
+ 26 18 41 30 7
+ 34 19 39 44 11 32 26 5 48
+ 37 31 32 24 48 40
+ 34 19 39 21 15 34 44 35 41 30 15
+ 28 12 34 24
+ 22 24 21 15 34 23 38 16 49 23 38 44 32 44 27 43 8 27 41
+ 37 31 32 45 3 24 25 39 21 15 2 29 25 4 22 38 29 28 30 15
+ 40 21 2 32 44 27 30 15
- 37 31 44 29 28 43 24 10 43 21 27 27 44 11 32 34 40 43 24 37 8 27 43 44 0 34
- 37 15 31 44 20 31 11 12 33 27 5 21 14 49 1 49 1
+ 28 43 35 15 34 24 28
+ 3 37 9 34 4 15 34 39 34 24
+ 13 32
+ 25 11 48 1 27 3 3 23 0 20 31 32 44 20
+ 42 34 6 15 19 35 26 19
- 49 34 34 32 21 25 47 44 14 21 15 21 31 16 34
- 34 48 39 8 40
+ 10 44 44 29 28 43 8 27 30 7
- 37 31 32 43 2 44 32 45 1 20 31 32 20 31 32 29 28 25
- 10 20 31 16 11 0 44 7 34
- 40 3 39 23 41 27 41
+ 37 12 33 24 21 15 49 22 45 44 40 41
+ 40 43 36 20
- 11 0 0 26 22 32
- 37 19 14 28 37 3 1 9 29 32 28 41
+ 3 3 47 20 31 32 16 31
+ 34 35 11 24 48 40
- 40 44 49 22
+ 37 6 39 32 44 16 41 41
+ 42 34 15 5 20 18 23 23 45 8 9 1 13
- 27 44
+ 3 37 22 9 34 6 26 43 20 49 31 4 18 3 47 16 8 36 34 6 26 34
+ 28 41 36 34 24
+ 49 34 23 45 8 14 40
+ 25 19 31 32 43 47 34 21 31 44 29 28 43 8 23 1 17 29 28 43 24 41 36 20 31 24 23 36 16 31
- 3 3 3 25 32 32 43 29 24 19 38 16 45 3
+ 49 2 9 42 34 0 16 36 48
+ 15 0 29 28 43 8 9 1 35 41
+ 26 48 1 25 25 18 1 16 8 25 27 47 32 24 10 43 24 48 34
- 28 40 42 25
+ 42 34 6 15 34 18 13 32 32 32 32 32 32
- 38 32 8 9 19 29 28 43 14 19 6 25 15 0
+ 44 0 0 41 37 32 32 32 32 32
+ 15 44 16 44 48 26 5 21 25
- 3 28 31 12 40
- 10 16 39 35 45 46 25 45 48 34 6 26 43 19 45 45 22 19 39 21 31 29 28 43 45 3 18 0 16 11 4 27 30 7
- 3 8 40
- 26 19 36 44 30 7
+ 22 46 42 6
- 36 34 30 4 26 34 18 26 38 49 34 15 35 18 44 25 47
+ 34 20 49 24 4 17 29 28 30 1 28 43 45 40 1 49 33 29 24 45
- 4 40
- 26 27 44 43 46 22
+ 15 23 39 34 32 45 1 16 37 8 9 47
+ 25 4 24 4 38 32 21 49 36 15
+ 3 3 33 24 23 18 40 18
+ 10 16 36 41 14 40
- 41 3 18
- 12 22 44 27 20 16 49 0 34 32 24 41 42 1 36 20 31 31 20
+ 15 23 11 30 2
- 12 19 43 0 12 44 36 7 15
+ 12 9 34 4 26 43 19 45 45 39 40 30 48
- 34 20 12 30 27 2
- 31 49 49 22 36 16 25 34 21 19 4 47 12 44
+ 44 26 32
+ 28 43 0 36 40
+ 22 46 36 34 15 20 49 31
+ 42 6 14
+ 37 12 47 32 24 41 0 31
- 22 23 26 36 16 34
+ 37 6 25 28 43 21 36 44 32 43 18 39 40 39 1 24 0 32 8 40 4 9 47
- 34 19 25 29 1 27 9 48
+ 37 31 44 44 32 24 10 30 37 43 24 17 42 19 5 48
+ 26 49 34 39 34 18 40 21 24 26 21 31 16
- 42 27 6 13
- 37 19 14 28 37 3 1 9 29 32 28 41
- 28 15 22 23 7 19 5 48
+ 22 24 0 20 31 16 0 44 29 28 41
+ 49 31 3 15 15 15
+ 49 21 6 34
- 44 26 32 32 47 32 32 37
- 33 26 32 12
- 26 18 43 31 16 8 49 34 21 15 31 23 29 35 4 47
+ 22 46 37 31 44 32 45 22 5 34
+ 34 20 49 31 4 24
+ 26 4 14 34 24 28 28 28 12
+ 42 6
+ 34 5 17 5 45 2 27 5 48
+ 34 13 34 39 6 35
+ 40 21 27 47 16 37 43 39 34 29 28 41
+ 15 23 17 20 31 32 44 20 31 11 32 18 34 44 16 26 34 34 16 49 21 31 16 37 45 22 20 19 5 48
- 44 4 26 32 32 32 32 32 32 32
- 36 4 15 19 18 10 44 32 24 48 34 4 13 34 4 26 43 1 27 5 48
+ 34 19 38 16 25 28 30 1 28 30 7
+ 49 15 38 32 45 23 44 35 11 11 45 3 3 3 23 0 16 39 11 32 36 15
+ 25 18 23 44 16 21 12 3 28 41 49 21 31 16 36 41 40 30 36 35 48
+ 3 40 1 11 41 48 11 43 29 5 41 41
+ 37 31 29 28 41
- 42 34 15 48 36 44 32 43 11 30 5
+ 36 34 18 40 44 0 8 10 44 32 44 9 47
+ 28 41 25 2 16 34
- 48 41 0 25 28 30 37 43 19 6 45 24 44 11 16 32 27 0 45 28 30 15
- 21 5 15
+ 22 10 15 15 15 15 15 15 15 15 15
+ 15 21 15 21 12 36 15
+ 25 36 29 28 43 44 9 48 18
- 3 3 12 47 9 8 27 43 8 14 40
- 26 14 21 19 45 15 49 30 42 28 24
- 34 8 13 15 34 43 31 48 36 15
+ 49 15 49 47 20 31 35 25 28 41
- 0 23 37 36 44 32 44 9 3 13
- 37 15 31 44 20 31 11 12 33 27 5 21 14 49 1 49 1
+ 15 0 20 31 32 20 31 11 32 24 11 9
+ 22 9 42 49 22 24 37 21 25 25 18 40 1 18 40 18
+ 10 32 21 24 39 48 18
- 26 39 1 23 29 20 49 22 5 1 19 2 47 44 32 26 45 40 18
- 42 43 19 45 45 23 44 35 37 8 40 48 1 25 39 21 39 44 32 20 31 48 19 32 32 44 23 1 18
- 22 0 29 36 44 44 12 6 24 10 41
- 11 0 41 34 8 32 32 32
+ 12 44 27 23 47 15 36 20 31 35 45 29 45 8 40
+ 36 34 18 25 18 1 44 44 16
- 40 13 5 37 45 18
- 22 37
- 25 49 27 0 28 3 47
- 13 32 32 32 32 32 1 32 32 32 42 32 32
+ 12 9 34 6 26 43 35 11 45 3 18 34 44 20 31 32 20 31 11 32 27 44 32 44 29 28 41
+ 3 39 40 30 2
+ 3 3 47 29 28 41
+ 42 43 19 24 8 42 19 28 14
- 18 20 33
- 30 35 1 5 45 24 0 16 15 40
+ 49 31 9 5 45 19 5 48
+ 40 43 2 44 32 24 48 34
- 26 41 36 5 10 49 34 34 16 37 43 19 6 37 44 34 3 44 15
+ 42 19 0 3 39 0 41 43 43 19 31 20 31 35 3 44
- 44 32 43 19 5
+ 10 16 36 48 34 6 26 34 6 26 43 35 18 49 21 15 15 19 6 41 41
+ 42 6 14
- 18
+ 49 15 4 22 38 20 31 16 34 20 31 48 24 12 9 34 6 15 43 1 24 23 25 17 44 44 32 43 49 18 44 32 32 44 14 40
- 10 25 38 1
+ 36 34 18 44 0 41 37 32 32 32
- 44 45 19 12 40
+ 25 27 18 21 31 29 28 41
- 37 27 3 32 4 44 20
+ 34 1
+ 34 35 4 40 39 13 34 4 26 19 28 14
- 22 10 41 15 15
- 36 34 4 26 25 8 45 39 19 28 14
+ 10 29 28 30 7
- 42 12 19 35 26 19
- 32 18 37 15 15 24 28 41 13 32 32 32 32
+ 3 37 22 9 34 6 26 43 20 49 31 4 18 3 47 16 8 36 34 6 26 34
+ 40 43 29 13
- 10 5 18 49 40
+ 12 19 41 25 36 16 36
- 27 39
+ 34 5 11 39 19 19 15 2 27 5 48
+ 37 31 16 3 47 44 20
- 46 36
- 26 27 44 43 46 22
+ 22 24 21 12 47 32 43 18 39 27 30 37 44 14 34 4 26 34 6 26 43 1 23 47 2 27 5 48
- 0 13 37 40
+ 37 15 49 31 4 38 44 32 45 23 44 11 32 27 44 35 8 12 22 22 19 43 35 15 34 6 15 19 0 42 6 14
+ 37 31 32 45 3 24 25 39 21 15 2 29 25 4 22 38 29 28 30 15
+ 15 21 15 31 10 15 15 15 15
- 25 9 29 28 41
- 15 22 45 23 49 47
+ 37 12 24 11 0 44
+ 40 21 45 24 10 41
+ 26 39 1 24 23 17 29 28 43 24 48
- 44 44 41 32
+ 34 5 37 24 41 36 35 11 21 18 23
+ 3 22 19 47 31 10 15
+ 40 24 48 34 39 6 14
+ 28 41 22 27 5 21 14 1
+ 28 43 35 26 19 28 14
+ 10 32 45 3 47 32 45 23 34 32 24 10 41
+ 33 41 37
+ 22 23 4 31 4 49 24 26 18 41 30 1 28 30 37 8 14 40
+ 15 21 15 49 22 24 31
+ 36 34 6 15 19 35 26 43 20 31 24 21 15 2 27 5 21 14 1
- 49 9 42 2 29 24 10 30 1 28 30 13 31 14 7
+ 42 43 35 41 48 4 23 41 36 35 4 23
- 10 32 3 22 7
- 3 40 1 17 44 23 1 39 16 0 20 31 11 32 19 35 15 0
+ 12 22 19 43 35 15 6
- 43 6 3 3 26 47
- 34 17 23 17 1 15 43 4 22 49 27 21 15 19 5 21 14 49 1 49 1 49 1 49 49 49
+ 37 31 20 31 35 37 21 17 32 44 40 11 21 27 24 44 9
- 47 10 33 22
+ 25 17 44 29 28 30 37 24 48 40
+ 3 23 0 20 31 35 15 40
- 25 24 41 43 45 1 29 22 28 41
+ 37 12 47 32 44 27 41
+ 10 44 16 15 40
+ 15 21 6 8 26 41 48 18 45 46 42 43 5 41 30 1 28 41
+ 22 9 42 2 9 42 19 5 21 30
- 42 34 39 31 43 35 18 31
+ 22 46 22 3 15 15 15
- 5 15 34 32 32 32 32
- 5 15 15
- 25 19 15 25 15 18 22 19 49 24 34 13 34 6 15 6 14
- 10 32 8 43 4 22 11 4 0 11 30 12 36 12
- 10 44 20 40 31 35 41 41
+ 34 1 23 11 18 17 42 49 24
+ 40 43 49 24 42 43 35 41 48 48 18
+ 10 44 16 49 23 11 4 0 49
- 43 26 32
+ 34 19 39 21 15 34 44 35 41 30 15
- 36 34 39 19 35 26 19 35 15 34 17 15 13 40
+ 37 6 25 28 43 21 36 44 32 43 18 39 40 39 1 24 0 32 8 40 4 9 47
+ 26 18 41 30 7
- 28 43 0 34 19 36 19 8 34 7 19 32 30 37 35 31 16 45
+ 12 19 41 22 29 18 37 19 43 28
- 37 12 19 11 32 26 15 5 48
- 11 0 0 40
- 48 32
+ 22 46 34 20 2 46 37 15 31 3
- 26 41 36 5 10 49 34 34 16 37 43 19 6 37 44 34 3 44 15
- 49 21 6 36 34 18 33 41 37 32 32 32 32
+ 40 44 9 47
+ 34 1
+ 34 1 24 44 16 23 25 36 20
- 0 23 37 36 44 32 44 9 3 13
- 25 17 16 39 10 26 5 21
+ 40 21 25 49 27 44 48 26 5 48
+ 10 29 28 43 44 0
+ 22 24 0 32 44 40 11 8 36 20 21 31 20 31 32 44 16 8 22 3
+ 36 34 6 15 34 39 34 39 6 14
+ 37 6 26 34 44 11 32 33 24
+ 10 16 41 43 8 0 3 44 15 15
+ 15 44 35 49 34 44 20
- 3 22 19 47 7 21 12 47 29 28 43 44 36 20 2 16 5 38 36 16 17 36 7 10 43 10
+ 25 29 13 40
- 12 10 19 41 26 18 45 46 21 31 20 31 32 44 32 25 28 43 24
+ 49 15 36 20 31 48 47 20 31 35 39 16 34 16
- 47 34 42 17 41
- 5 6 12 34 18 24 28 28 12 12 12 28 25 28 12 28 28
- 40 44 40 25 47
- 22 0 29 36 44 44 12 6 24 10 41
- 10 16 20 26 49
+ 25 24 20 29 19 49 18 21 31 44 44 20 31 32 32 24 41 23 41 40 39 1
- 26 41 48 48 1 32 8 36 8 29 47 19 5 48
- 25 25 26 19 31 29 33 28 43 45 3 44 15 15 49 15 15 15 15
- 10 44 32 28 21 38 32 27 41
- 45 43 10 26 41
+ 34 35 4 0 36 41 0 25 28 43 24 48 40
+ 10 29 28 43 45 39 0 11 21
- 25 38 16 20 17 44 16 11 39 3 5 41 43 44 9 11 8 27 30 13 31 14 14 14 15
+ 22 9 5 38 36 16 44 46 31 7
+ 11 0 26 32 32 32 32
+ 25 4 22 11 48 41 27 41
+ 49 49 22 11 4 14 34 18 42 43 19 49 47 20 31 35 39 32 20
- 26 1 19 17 44 16 3 18 21 12 33 31 45 19 5
- 37 5 19 48 44 29 15 28 43 36 43 38 44 16 31
- 47 49 5 5 48
+ 22 29 2 16 31
+ 34 1 9 42 19 5 21 25
- 28 39 43
+ 12 44 27 34 29 28 30 7
+ 15 21 31 32 43 2 29 28 43 45 23 44 11 32 33 27 5 21 14 49
+ 34 5 8 42 19 35 15 34 18 11
+ 34 19 27 3 40 21 29 19 29 1 29 39 21 31 44 16 37 24 48 40
+ 42 19 0 10 16 34
+ 42 19 0 33
+ 13 32
+ 42 43 35 39 5 15 40
- 3 37 34 39 6 35
+ 40 24 48
- 37 37 31 24
+ 15 0 32 21 11 21
- 31 9 23 29 42 32 19 17 41 16 15 0
- 2 34 35 20 30
- 3 3 3 34 13 34 34 6 26 19
- 4 6 9
+ 10 44 29 28 43 43 2 16 15 40
+ 15 23 18 22 1 9 42 15 47 34 0 44 32 44 27 43 45 23
+ 42 6
- 3 3 12 47 9 8 27 43 8 14 40
+ 40 24 10 43 24 41 27 43 21 18 23
+ 34 19 38 16 25 28 30 1 28 30 7
+ 3 1 16 26 31 3 15 15
- 20
+ 42 43 19 4 22 36 16 45 29 2 44 16 8 10 16 26 49 31 4 19 15 19 5 48
- 16 44
+ 26 41 48 48
- 12 30 39 6 7 14
+ 37 12 44
+ 42 43 20 15 47 15 2 32 43 47 19 5 48
+ 37 31 20 31 35 37 21 17 32 44 40 11 21 27 24 44 9
+ 40 8 40 11 24 41 27 30 7
+ 49 2 10 15 15 15 15 15 15 15 15
+ 22 46 36 34 15 20 49 31
+ 49 21 6 39 48 18
- 28 12 17 34 18 11 0 0 9
- 45 7 41 14 34 4 15 21 13 34 4 26 6
+ 10 44 16 49 23 11 4 0 49
- 3 9 22 13 34 24 12 28 12 28
+ 15 34 16 36 48 40
- 17 39 18 1 20 48 38 44 9
+ 34 5 39 35 45 3
+ 10 44 20
+ 37 6 37 44 36 35 39 13 40
+ 10 16 20 19 31 29 28 43 24
- 44 41 49 32 32 32
+ 34 13 34 15 20 31 23 39 23 47 31 46 10 20 31 16
+ 22 24 21 12 47 32 43 29 1 27 5 21 14 49 49 1 1 1 49 49
- 11 0 0 7 37 37
- 42 34 4 19 0 13 32 32
+ 3 1 20 31 35 15 40
+ 10 29 28 30 13 31 14 13 31 14 37 45 3 24 13 32
- 46 23
- 25 29 21 6 31
- 36 18 13 32
+ 25 25 36 32 45 39 23
- 34 48 39 8 40
+ 40 21 25 49 27 44 48 26 5 48
- 38 40 45 37 19 41 22 3 15 15 15
+ 36 34 6 26 34 6 15 34 39 19 35 15 19
+ 25 24 11 21
- 25 17 32 33 39
- 34 1 1 29 47 49 22 42 20
- 28 36 25
- 6 23 24 25 28 41
- 34 44 32 32 43 27 31 44 15 15 15 15
+ 22 23 36 20
- 33 20
+ 10 16 45 46 42 19 35 15 19 28 35
- 23 16 38 29 28 30 37 43 49 26 5 21
+ 22 46 34 20 31 27 5 21 30
+ 11 26 32 32 32 32 32 32 32 32
+ 42 19 0 25 17 16 26 31 24 44 11 32 33
- 42 20 20 31 9 42 49 31 4 18 37 37 19 41 11 44
- 5
- 23 0 42 9
+ 42 43 5 39 32 20
+ 15 21 31 44 44 44 20 31 16 34 20
+ 15 44 35 25 28 43 45 39 36 35 48 41 0 17 5 38
+ 25 25 39
+ 44 26 32
- 10 20 43 45 32
+ 22 23 17 44 16 31
+ 42 43 1
+ 15 23 39 34 32 45 1 16 37 8 9 47
+ 25 27 33 27 5 21 25
- 28 22 27 1 31
- 10 29 15
- 0 43 24 0
- 20 10 22 19 43 13
- 40 9
+ 49 34 44 16 23 11 1 5 41 43 43 36 32 43 36 29 28 41
- 28 43 32 49 14
+ 42 43 1 23 11 4 40 47
+ 42 34 39 43 20 21 15 49 31 4 47 49 22 38 29 28 30 37 45 39 14
- 42 21 6 14
+ 37 31 32 21 2 20 31 11 32 36 15 15 15 15 15 15 15 15 15
- 32 26 29 4 17 40 39 49 19 15 26 5 21 30
+ 36 34 4 26 6
+ 15 34 32 43 47 15 2 20 31 11 32 47 29 28 30 13 31 14 13 31 14 15
- 1 41 11 48 41 40 47
+ 49 34 21 15 31 27 5 21 14 1 1
+ 26 4 23 1 45 8 40 11 45 40 41 9 4 23 41 36 1 10 15
+ 34 35 30 35 48
+ 26 39 19 2 16 25 28 30 1 28 43 24 41 14 40
+ 37 12 24 11 0 26
+ 40 43 17 32 45 3 18 0 29 28 43 8 23 18
- 24 43 41
+ 13 32
+ 3 3 47 29 28 41
- 44 49 24 4 17 38 45 24
+ 22 9 5 45 15 2 29 28 30 1 28 30 7
+ 37 12 24 11 0 26
+ 12 19 41 15 21 12 47 20 31 32 20 31 16 21 15 21 15 19 5 48
+ 28 12 34 24 12 28 12 12 28
+ 25 11 39 35 49 40
- 3 3 47 44 44 6 38 5 1 28 41
+ 40 21 2 20 31 48 44 15 15
- 1 9 28
- 11 26 14 32 32 32 32 32 32
+ 15 34 16 39 16 44 32 29 28 43 21 29 35 41 48 1 13
+ 10 44 44 29 28 43 8 27 30 7
+ 34 1 24 0 29 28 30 15
+ 49 19 5 21 14 1 1 49 1 49
+ 34 35 41 48 49 34 18 34 19 49 27 44 16 23 18 40 1 45 24
- 28 30 41 34 1 23 49 44
+ 40 21 17 20 31 48 24 13
+ 3 40 41 9 18 36 48 40
- 44 0 32 32 32 32
- 44 27
+ 40 21 17 16 15 0
+ 40 43 24 3 36 15
- 25 38 29 28
- 12 22 9 27
- 37 11 13
+ 34 19 17 32 21 36 44 16 11 30 35 35 12
+ 25 49 47 32 43 24 34
+ 25 18 23 44 16 21 12 3 28 41 49 21 31 16 36 41 40 30 36 35 48
- 36 3 22 35 1 15 18 37 44 27 44 16 23 48 47 31 3
+ 49 15 38 32 45 23 44 35 11 11 45 3 3 3 23 0 16 39 11 32 36 15
+ 44 26 32
+ 10 44 20 31 32 44 16 17 5 45 19 5 48
- 11 26 34 32
+ 10 32 43 27 18 0 44 20 31 16 21 12 26 5 21 25
+ 42 6 14
- 26 14 21 19 45 15 49 30 42 28 24
- 10 16 39 35 45 46 25 45 48 34 6 26 43 19 45 45 22 19 39 21 31 29 28 43 45 3 18 0 16 11 4 27 30 7
+ 37 6 37 44 36 35 39 13 40
+ 12 44 47 32 8 27 43 24 10 41
- 10 19 36 29 28 30 37 21 21 18 3 36
+ 34 35 11 24 48 40
+ 15 0 32 24 41 0 11 30 48
+ 42 34 15 35 18 20 29 13 34 39 34 39 19 0 12 44 27 34 44 16 26 19 5 21 14 49
- 37 31 44 32 43 49 33 9 5 45 2 43 37 31
- 27 44
+ 49 21 6 39 48 18
- 3 22 1 46 34 12 19 35 39 32 32 8 14 45 34 24 12 28 28 17 17 12 12 12 28 12
- 3 39 11 20 33 23 1 24 15 40
+ 36 34 4 15 19 35 26 43 13 40
- 33 20
- 10 32 8 13 40 18 5 17 42 15 45 45 40 22 41 41 48
- 42 27 6 13
- 0 12 43
+ 25 24 11 21
- 15 41 48 49
- 12 19 43 0 12 44 36 7 15
+ 12 19 43 0 15 21 12 18 34 32 24 10 41
+ 28 41 26 49 34 4 15 19 35 15 6 35
+ 25 29 13 34 6 26 19 35 26 19 0 11 44
+ 3 22 5 31
+ 34 20 34 23 49 47 29 28 30 37 43 45 24 10 43 43 18 37 27
- 45 42 24 37 15 20
+ 15 23 17 32 43 38 44 20
- 41 25 24 27 27 34 20 31 48 26 5 48
- 25 27 28 6 47 15
- 22 22 22 27
+ 40 43 24 3 36 15
+ 40 44 9 39 5 17 5 45 2 29 45 45 40 18
+ 37 15 21 6 39 16 21 6 15 40
+ 49 49 22 11 4 14 34 18 42 43 19 49 47 20 31 35 39 32 20
+ 49 34 21 12 33 46 22 23 2 29 28 30 14 14 37 21 4 22 38 32 21 36 32 24 41 23 41 9 30 2
+ 33 41 37 32 32 32 32 32 32 32 32 32 32 32 32 32 32
+ 25 45 45 1 20 31 11 32 44
- 7 39
- 22 0
+ 25 17 29 28 43 43 49 47 44 32 21 39 44 11 32 27 44 48 26 5 48
- 35 34 1 10 26
- 33 18 6
+ 13 32
- 40 36 7 20 31 36 15 3
- 11 18 1 41 42 19 35 15 19 13
- 22 24 0 38 16 38 36 48 34 24 22 12 12 12 12 28
- 49 15 8 45 43 29 19 45 8 12 41
- 25 17 29 28 43 21 25 17 29 28 30 1 28 30 28
- 10 19 36 29 28 30 37 21 21 18 3 36
- 26 11 21
+ 13 32
+ 25 39 0 16 25 28 41
- 40 45 3 21 6 49 21 20 31 11 32 49 44 38 44
- 30 34 34
+ 11 26 32 32 32 32 32 32 32 32 32
- 10 22 15
+ 3 1 16 36 10 41
+ 25 19 31 44 20 31 32 20 31 48 26 5 48
- 3 9 21
- 25 11 2 44 32 21 36 39 0 20
+ 3 3 47 20 31 32 16 31
+ 40 8 40 1 35 18 41 41
- 3 48 9
- 26 19
- 26 11 21
- 10 5 18 49 40
- 0 42
- 13 34
+ 49 15 11 30 12
+ 3 23 0 20 31 35 15 40
- 20 2 9 5 38 36 7 36 7
+ 15 23 38 20 31 11 32 3 40 24 48 40
- 26 19 40
+ 40 8 27 43 45 23 34 20 31 48 18 44 35 34
+ 42 19 0 25 17 16 26 31 24 44 11 32 33
- 49 15 11 4 17 33 11 1 19 12 29 34 44 16 8 28 43
+ 3 39 0 8 22 24 44 16 23 39 0 20 31 16 21 6 25 28 41
- 3 3 28 33 47 14 30
+ 34 20 34 23 27 24 15 23 38 32 24 48 40
- 30 17 18
+ 25 36 16 39 48 26 5 48
- 25 18 23 36 34
+ 49 2 9 5 38 36 10
- 49 29 10 23 36 32 44 0 15 40
- 10 44 26 44 20 32 26 6 21 25
+ 10 29 28 43 45 39 0 11 21
- 33 35 32 27
- 49 15 16 41 24 40 4 0 37 18 44 9 41
- 33 26 28 32 49
+ 49 2 9 42 19 5 48
+ 3 23 23 27 47 32 8 40 11 44 14 34 15 20 15 24 45 23 4 24 4 24 17 42 2 3
- 23 22 2 26
+ 15 0 29 28 41
+ 22 29 2 16 31
+ 22 46 3 22 19 39 34 20
+ 25 29 35 4 23 18
+ 28 43 13 28 35
- 44 36 3 32
- 33 0 8 26 32
+ 37 15 19 5 21 30
- 41 3 18
- 32 8 40
+ 49 34 21 6 15 0
- 42 43 19 22 24 10 44 27 43 21 19 31 34 29 28 41
+ 25 4 22 19 15 2 10 15
+ 10 44 44 32 44 14
- 23 15 2 44 35 15 40
- 47 12
- 28 43 32 36 29 15 13 34
- 41 3 3 33 4 46 3 15 15 15
- 36 34 15 12 22 44 19 32 15 32 24 10 41
+ 12 19 43 13 13 35 26 6 14
+ 34 1 23 4 24 4 29 1 46 12 19 12 40
- 44 6 27
+ 28 12 34 39 34 18 15
+ 22 24 21 6 15 40
+ 34 35 49 34 6 15 43 20 19 5 48
+ 49 31 3 15 15 15
- 44 41 9 32
+ 26 41 48 48
+ 12 44 33 29 2 44 32 24 41 27 41
+ 10 32 24 48
- 12 22
+ 15 34 44 16 3 27 44 16 34 16 39 16 0 20 31 16 0 29 28 41
+ 3 23 34 32 8 9 30 36 12
+ 12 9 34 6 26 34 24
- 22 23 47 34 23 36 32 21 25 17 0 34
- 37 6 17 42 15 4 24 4 18 1 44 29 28 30 14 14 37 43 47 21 12 41 32 32 8 0 18 34 1 3
+ 49 34 44 48 47 20 31 16 44 48 24 28
+ 36 34 18 42 19 13 0 28 41 3 1 20 31 11 32 26 5 48
+ 42 19 13 0 28 43 35 26 34 39 34 15 19 27 36
+ 34 1 29 19 12 44 15 15 15 15 15 15 15
- 10 2
- 10 32 8 43 4 22 11 4 0 11 30 12 36 12
- 6 35
+ 25 29 19 38 16 17 42 15 39 23 4 24 4 2 44 32 24 48 34 18 40 44 23 18
+ 10 16 15 40
+ 36 34 39 19 0 12 44 36 15
+ 10 16 36 48 34 6 26 34 6 26 43 35 18 49 21 15 15 19 6 41 41
- 36 5 15 14 23 21 21
- 44 0 5
+ 36 34 39 43 1 9 42 15 17 20 31 11 32 3 11
+ 42 34 24 28 28 28 12 12 28 12 28 28 28 28
- 26 39 19 24 29 35 18 26 2 27 21 30
+ 3 3 44
- 38 40 24
- 19 40 31 16 8 42 19 35 15 43 1 25 44 34 35 49 0 16 49 44 32 44 29 17 41
+ 34 20 19 5 21 14 1 49
- 37 40 18
+ 3 1 16 11 39 1
+ 26 48 41 23 41 36 5 45 29 4 22 27 18 44 48 33 27 5 48
- 45 42 24 37 15 20
- 18 13 43
- 34 17 23 17 1 15 43 4 22 49 27 21 15 19 5 21 14 49 1 49 1 49 1 49 49 49
- 1 9 28
+ 33 41 37
- 28 43 32 49 14
- 19 46
+ 36 34 4 26 6
- 9 36 24 28 12 28 28
+ 15 0 29 28 43 8 9 1 35 41
- 42 19 0 12
- 45 15 19 44 20
- 2 12 9 37
- 44 34 35 49 40
- 42 38 27 34 5 13
+ 37 12 33 10 15
+ 36 34 24 12 12 12 28
+ 34 1 46 13
- 49 21 12 44 9 15 15 15
- 10 25 38 1
- 49 2 9 42 21 15 21 18 31
+ 42 34 4 15 6 35
- 11 7 44
+ 15 34 32 43 47 15 2 20 31 11 32 47 29 28 30 13 31 14 13 31 14 15
- 36 4 15 19 18 10 44 32 24 48 34 4 13 34 4 26 43 1 27 5 48
+ 13 32
+ 15 21 15 2 9 5 38 36 16 44 46 31
+ 36 34 6 15 43 20 15 49 44 15
+ 28 41 49 31 3 15
- 34 8 13 15 34 43 31 48 36 15
+ 28 41 10 29 28 41
- 38 47 47 6
- 26 41 38 32
+ 15 0 32 24 10 41
+ 40 8 27 43 45 23 34 20 31 48 18 44 35 34
- 46 23
- 0 42
- 19 26 5 0 25
- 18 10 13
+ 37 31 29 28 41
- 33 36
- 42 43 20 2 3 15 15 15 0 15 15 15
- 1 10 42
- 5 6 8 26 19
+ 49 15 38 32 45 39 9 30 48
+ 40 8 14 34 6 26 6 35
+ 13 32
- 49 34 31 5
+ 28 43 0 15 21 12 19 32 32 24
- 10 19 41 36 34 15 1 3 15 15
+ 37 6 17 42 15 49 26 5 48
+ 49 34 23 36 16 8 12 9 34 39 19 28 35
+ 26 39 19 2 16 37 8 14 34 18 26 1 20 34 44 16 34 29 28 41
- 17 34 1 46 12 44 3 36 34 18 25 39 23 17 32 8 19 34 24 48
+ 36 34 24 12 28 28 12 12 28 12 28 12
- 40 42 43 30 5 47
+ 22 46 49 15 47 31 27 5 48
- 34 20 49 31 4 47 21 15 2 19 6 20 38 29 28 30 1 28 41
- 14 44 33 9 42 21 26 22 21 25
+ 40 21 36 16 11 18 20 27 44 15
+ 15 21 15 2 9 5 38 36 16 44 46 31
+ 26 4 40 30 48
+ 3 37 44 26 5 48
- 12 17 27
- 40 29 24 48
- 40 21 24 49 23 39 34 32 21 4 11 48 1 24 8 33 41 37 32 32 32 32 32
- 37 15 5 48
- 3 1 32
+ 15 34 44 44 20 31 32 44 32 8 40 11 45 23 34 16 36
- 34 20 21 38 6 45 27 5 48
+ 25 17 16 45 10 15
- 30 25 33 32 0 44 27 21 38 32 6 8 23
- 10 29 28 43 45 7 9
+ 13 32
+ 28 12 34 15 5 37 45 37 9 34 24
+ 40 43 11 30 12
+ 13 32
- 37 15 22 45 5 21 37 32
+ 3 3 36 15
+ 37 31 32 8 14
- 1 42 44 20 35 35 15 0
+ 49 21 31 32 43 19 6
+ 37 31 29 28 41
+ 49 2 46 25 45 45 37 44 36 15 15 15
+ 37 31 20 31 11 32 27 44 48 47 20
+ 42 43 1 27 5 21 25
+ 34 19 2 44 29 28 41
+ 37 12 47 32 24 41 0 31
- 40 21 19 15 21 31 32 44 41 41
+ 12 44 47 32 8 27 43 24 10 41
- 2 39
- 42 34 18 3 30 23 44 35 15 0
- 17 34 1 46 12 44 3 36 34 18 25 39 23 17 32 8 19 34 24 48
- 25 4 22 39 44 32 32 8 36 20 20 15 39
+ 25 45 8 40 30 2
+ 25 36 16 11 48
- 40 45 22 13 34 39 34 6 45 34 18 26
- 35 38 17 16 15
+ 40 21 45 24 10 41
- 10 32 17 27 20 41 15
+ 15 0 20 31 32 16 15 0
- 41 27 5 19 21 30
- 10 32 21 11 49 34 19 15 43 1 3 15 15 15
+ 37 31 44 16 11 47
+ 25 27 18 0 32 21 47 21 31 44 16 11 30 35 48
- 23 17 16 17 5 21 14 6 49 44 35 26 49 24 4 17 28 43 43 27 18 12 44 47 34 16 31
+ 25 17 44 29 28 30 37 24 48 40
+ 25 2 20 31 35 17 5 45 31 46 36
- 37 31 18 44 44 29 32 45 39 14 40
- 5 33 36
+ 36 34 15 35 41
+ 25 25 39 44 48 18 23 18 1 20 31 11 32 33 46 11
+ 49 2 29 45 44 40 39 1 24 23 49 44 15 15
- 0 39 30 28 21 36 2
- 42 43 35 49 34 4 11 34 42 34 13 34 3 20 15 38 16 17 5 45 31 42 15
- 3 1 10 39 45 22 13
+ 42 34 6 15 34 18 13 32 32 32 32 32 32
+ 37 12 3 36 34 4 26 43 20 21 31 32 21 11 49 34 6 26 6 35
+ 12 44 26 5 48
- 40 44
- 28 43 32 36 29 15 13 34
- 35 8 39 27 30 37 27 7 48
- 3 30 22 20 15 49 44
- 15 0 29 34 28 43 43 25 47 19 39 21 30
- 31 17 32 18 40 32 32 32 32 36
- 45 35
+ 3 22 19 27 3 42 34 4 15 19 0 44
+ 37 6 17 42 15 49 26 5 48
+ 37 31 44 44 32 24 10 30 37 43 24 17 42 19 5 48
- 48 41 0 25 28 30 37 43 19 6 45 24 44 11 16 32 27 0 45 28 30 15
+ 10 16 26 34
+ 34 35 39 13 40
+ 42 19 35 15 19 13 28
+ 15 23 38 32 8 27 43 21 36 29 28 41
- 33 42 32
- 36 34 41 3 15 15 15
- 40 27
+ 33 41 37
- 28 18 21 24 26 34 34 44 16 17 21 5 21 12 19 32 1 20 31 29 35 25 28
- 22 46 37 12 44 44 16 3 24 11 41 37 44 32
- 28 43 28 27
- 39 26 40 44
