+ 9 17 41 11
+ 14 0 2 17 45 47
+ 9 17 17 48 13 45 25 35 21
+ 31 42 1 31 42 1 14 41
+ 7
- 31 42 1 31 42 1 9 38 7 45
+ 9 17 41 11
+ 9 49 0 0 24 39 13 7
+ 
- 7 13 45 0 45 13 26 45 41 40 38
- 42 46 20 1
- 10 46 48
- 4 13 42 20 45
- 1 49
+ 
+ 7
+ 
- 23 4 17 8 41 37 34
+ 7 13 45 13 45 41 40 38 43 0 26 39 13 22 0 26 45 29
- 49 31 41 34
- 31 40 31 36
- 14 17 40 15 43 15 36 5
+ 
- 4 43 37 42 46 7 13 45 13 45 22
+ 31 42 1 31 42 1 14 17 6 12 20 16 19
- 9 20 13 45 13 3 13 45 22
- 12 1
+ 7
+ 9 17 17 48 13 45
+ 14 45 25 19 10 23 37 23 37
- 11 47
- 7 41 18 18
- 14 39 13 12 0 7 15 41 33 10 15 36
+ 7 41 40 49 17 2 7
- 15 43 39 7
- 3 16
- 48 39 16
+ 31 42 1 4
+ 7
+ 9 38 47 7
+ 
- 14 45 45 34 25
- 46 41
- 3 9 17 43 7 17 20 39 13 7
+ 4 37 42 1 9 17 45 47 25 19 15 37 23 37 9 37 17 35 21 19 15 37 23 37 17 19 10 17 35 21 19 10
- 7 38
+ 14 39 13 22 0 26 41 11 16 19
+ 9 49 0 40 12
- 12 38 47 47 33 43 7 49
- 29 7 32 44 44 44 44 19 31
- 14 1 25 38
+ 14 39 13 12 45 25 19 10 23 37 17 19 15 37 9 37 17 35 21 35 21 19 10 9 37
+ 
- 21 1
+ 9 38 47 43 40 43 15 34 41 25 28
- 9 20 34 17
- 49 45 14 12 21
+ 9 20 41 18 13 45 13 45 22
- 33 9 17 45
+ 9 38 47 12 45 25 19 10 23 37 23 37
+ 7
- 4 43 43 44 6 42 1 9 20 8 41 22
- 20 13 45 41 7 18 31 41
+ 7
- 14 7 43 7 38 12 11
- 37 49 22
+ 
+ 14 45 25 35 21 35 21 35 21 19 15 37 23 37 17 19 10 23 37 9 37 17 19 15 37
- 4 37 1 31 41 34
- 4 0 43
+ 4 43 37 42 1 16
- 11 14 38 15 6 47 6 11 14 19
- 35 37 42 1
+ 4 37 42 1 14 41 11 16 12 8 8 20 32 31 16 16
- 35 7 15 0 45
+ 4 43 43 43
- 2 31 41 34
+ 
- 44 43
- 0
+ 
- 14 1 25 38
+ 
+ 14 0 43 45 49 0 40 12 43
+ 9 20 41 40 17 41 11 32
- 25 10 42 14
- 18 36 40 41 34
+ 9 38 22 0 26 45 29
+ 14 0 15 34 49 10 42 10
- 9 38 41
- 9 8 25 29
- 4 37 42 19 1 4 37 41 34
- 29 10 42 7
+ 
- 21 1
- 7 41 18 35 13 22
- 7 6 5 13 31 8 13 45 13 45 22
- 39 48 27 39 47
- 14 21 0 12
+ 
- 14 30 49 13 41
- 45 19 7 34
+ 14 39 13 12 39 13 47
+ 
- 14 39 13 49 7
- 13 45 41 49 27 13 22 42 12 43
+ 9 17 39 13 47
- 44 16 13
- 31 8 41
- 27 13 45 45 0 22
- 31 40 6 41 34
- 36 10
- 10 45 47 47 47
+ 7
+ 14 39 13 22 40 22 15 24 33 10 42 15 38 33 15 3 10
- 34 8
+ 
- 37 9 49 39
- 38 32 47 12 17 48 47 13 47 39 13 7
+ 9 20 13 45 13 45
+ 14 17 2 11 32 31 37 44 31 16 16 16 16 16 16 37 44
- 37 24 20 7 22
+ 14 39 13 12
- 44 1 7 41
+ 31 42 1 4 37 42 1 31 42 1 7
- 28 13
+ 
- 19 1 22
+ 
- 3 10
- 7 18 3
- 16 1 20
- 39 31 41 34
+ 4 37 42 1 7 13 45 13 45
+ 9 20 41
+ 
+ 7
- 43
+ 14 41 11 16 31 48 13 41 11 32 31 37 31 37 44 31 16
+ 
+ 4 43 43 37 41 34
- 22 41
+ 
- 13 45 41
- 9 38 12 42 38
- 6 41 17 40 38 43
- 14 41 11 16 31 6 6 23 16 31 48 5 13
- 4 2 41 37 34 41 3 34
+ 
- 48 39 16
- 30 36
+ 14 17 48 13 41 11 32
+ 4 37 42 1 14 41 11 16 12 20 16 19
+ 
- 14 17 48 13 39 26 13 12 17 48 13
- 4 37 34 1 37
- 9 10 0 43 43 7 38 12 39 28 21 41
+ 
+ 7
+ 14 17 2 11 16 19
- 36 31 41 34
- 13 39 47 4 43
+ 9 17 17 48 13 39 13
- 14 16 1 28
+ 31 42 1 4 37 42 1 14 41 11 32 44 44 31 16 37 31
- 49
- 7 24
- 31 9 1 29 41 34
- 14 0 25 16 38 33 10
- 42 1 4 37 42 1 31 42 1 4 37 41 34
- 7 13 45 0 45 13 26 45 41 40 38
+ 7
+ 14 41 7 32 31 37
- 14 37 39 13 47 43 0 37 17 17 17 34 24 43
- 1 4 38 37 42 1
- 9 49 17 38 36 13 47
+ 
+ 
+ 9 38 43 2 38 22 40 47 43 2 17 39 13
+ 9 17 17 6 31 48 13 0 38
- 32 0 0 37 41 34
- 15 13
- 33 9 17 45
+ 4 37 42 1 14 0
+ 
- 44 11 13 22
+ 14 17 2 11 16 12 20 16 31 6 19
- 7 0 45 9 2 8
- 36
+ 4 37 42 1 7 41 40 17
+ 
- 1 35 20 22
- 7 41 28 18 34
- 14 17 13 17 6 19
- 37 0 33 38
- 11 7 45 26 13 27 13 45
- 14 17 13 17 6 19
- 45 30 9 2 17 41
- 14 17 6 35 7
- 9 38 18 43 35 22 49 43
+ 9 38 47 22 2 38 47 47 12 43
+ 
- 41 48 7 1
- 19 34
+ 9 20 41
- 8 47
+ 14 39 13 12 39 13 47
- 11 49 41 11 16 19
+ 9 49 17 48 13 17 2 7
- 7 13 45 34
+ 9 49 0 15 28
+ 
- 9 17 39 13 22 15 34 33 15 25 3 29 47 24 33 10 42 10 42 15 38 33 15 3 15 38 33 10 42 15 15 3 15 33 29 47 38 38 33 10 42 15 19 2 30 38 33 15 15 34 23 15 3 10 10 42 15 15 34 25 16 15 36 5
+ 9 38 43 2 38 22 40 47 43 2 17 39 13
+ 
- 10 29 43
- 48 13 2 17 23
- 42 1 31 34
- 9 17 16
+ 
- 11 36 41 46
- 31 42 39 46 1 7 14
+ 14 45 25 19 15 37
- 16 1 20
+ 7
- 14 6 13 22 40 22 9 20 41 46 1 20 41
- 32 21
+ 4 43 37 42 1 9 49 17 2 7
+ 9 38 12 41 11 32 31 37 31 37
- 9 9 38 3 22 15 40 17 7
+ 9 38 47 43 40 43 15 34 41 25 28
- 2 1 21 16
- 48 46
- 14 42 18 17 48 13 43
- 35 31 16 34
+ 4 43 37 42 1 4 43 37 42 1
- 38 31 7
- 4 37 29 1
- 31 42 48 1 13 45 45 22
- 7 18 3
- 32 30 16
- 14 17 10 2 26
- 18 20 13
+ 14 41 7 16 12 8 27 8 20
- 49
- 21 7 22
+ 4 43 37 42 1 9 49 0
+ 7
- 29 16 22
- 49 39 43 7 49
+ 
+ 14 0 0 26 41 7 32 44 31
- 9 38 22 0 24 17 6 31 2 7 32 31 30 37 31 37 31 16 16 37 44
- 49 17 2 7 16 19
+ 
+ 
+ 7
+ 7 41 40 49 39 13 22 15 28
- 42 1 31 34
- 1 49
+ 14 0 0 17 26 17 48 13 45 47
+ 4 37 42 1 9 38 47 7
- 46 28
- 9 20 41 18 1
+ 4 37 42 1 7 41 40 20 22
- 13 45 22
- 37 45 7 16 19
- 9 17 41 16 31 2 7 32 44
- 2 9 49 0 0 10 45 47 29
- 36 10
+ 31 42 1 4
+ 
- 4 43 37 1 31 41 34
+ 
- 4 43 37 42 22 7 41 18 13 45 41 18 13 41 18 41 18 41 18 45 22
- 7 13 38 45
+ 4 43 43 37 41 34
- 34 0 0 2 33 24 43
+ 9 49 17 48 13 45 47 29
+ 7
+ 14 17 48 13 41 7 32 44 44 31 16 37 31 37 44 31 37
- 2 31 41 34
+ 7 13 45 13 45 41
+ 7
+ 31 42 1 31 42 1 31 42 1 9 20 22
- 4 27 47 5 41
- 9 17 41 11 1 44 44
+ 4 43 37 42 1 14 17 48 13 41 7 32 31
- 7 41 40 49 45 25 35 21 35 21 19 24 37 17 19 15 37 9 37 23 37 17 19 10 9 37 23 37 17 19 10
+ 9 49 39 13 47 12 39 13 22
- 39 48 27 39 47
+ 31 42 1 9 49 41 11 32 31 37 31 37 44
- 4 37 1 34
+ 31 42 1 14 41 7 16 19
- 34 15
+ 9 38 12 41 11 32 31 37 31 37
- 4 43 37
- 9 17 39 13 12 0 43 15 38 12 39 13 43 40 7
- 4 43 13
- 0 4 2
+ 7
- 3 5 28 3
+ 9 49 17 48 13 17 2 7
- 1 9 43 0 24
- 40 43 37 41 34
- 9 20 41 18 13 1 0
+ 31 42 1 4
- 31 42 3 16
- 27 7
- 9 7 8 45
+ 7
+ 14 39 13 43 2 49 39 13 12 39 13 7
+ 
+ 
- 29 45 35 29 34
- 34 42 43
+ 31 42 1 9 38 47 43 40 7
- 36
- 9 4 41 34
+ 4 43 43 37 41 34
- 42 26
+ 9 20 13 45 41 34
+ 7
+ 9 49 41 7 32
+ 7
- 13 12
+ 
- 4 37 34 1 37
+ 7
- 9 0 2 41 16 19
- 46 1 14 45 47 22
+ 14 39 13 22 0 26 45 25 19 15 37 9 37 23 37 17 19 10 17 35 21 19 15 37 23 37
+ 7 13 45 13 45 41
- 14 17 48 13 45 25 19 10 23 45 23 23 37 23 9 37 17 19
+ 
+ 
+ 
- 7 14 20 34 34
- 35 11 41
+ 
- 49 43 22
- 7 0 35 33 20 28
- 34 7 31 42 13 1 1
- 31 42 1 12 9 49 43
- 4 43 37
+ 14 45 25 19 15 37 17 19 15 37
+ 14 39 13 12 17 48 13 45 29
- 41 4
- 9 17 13 29
- 9 21
- 14 17 2 7 16 31 48 13 39 13 47 22 15 34 33 15 6 49 15 19
- 18 41 41
+ 9 17 17 48 13 41 11 32 44 31 16 16 37
+ 9 17 17 6 12 8 8 20 32 31 16
- 16 38 42 38 14 41
+ 31 42 1 9 17 39 13 43 40 43
- 36 43
+ 
+ 7 41 40 38 12 45 47 25
- 32 38
- 7 45 41 18
- 4 17 42 1 31 42 1
- 9 49 41 35 16 26
- 4 18 16 37 41 34
+ 9 49 0 15 28
- 29 4 43 37 41 31 34
+ 9 20 41 40 20 41 18 22
+ 9 38 22 40 7
- 11 38 4 20
+ 
+ 4 37 42 1 14 17 48 13 0 2 38 43 40 7
- 24 7 14 13 22
- 49 32
+ 
- 41 16
- 38 14 39 12 13 38 11 15 45 37
- 14 0 25 16 38 33 10
- 9 4 41 34
+ 4 43 43 43
- 24 16 20 43
+ 14 17 48 13 17 48 13 39 13 47 47 47 43 40 12 17 48 13 45 25 35 21 19 15 37 9 37
+ 7
- 44 7
- 9 49 41 26 16 6 7 16 31 48 11 13 43
+ 14 39 13 22 40 22 15 24 33 10 42 15 38 33 15 3 10
+ 7 41 40 49 39 13 47 12 45 25 35 21
+ 9 38 47 43 40 47 43 2 17 43
- 4 1 16
+ 
- 8 7 13 45 6 45 22
- 4 21 37 29 9 16 43 40
- 22 6
- 12 5
+ 7 13 45 13 45 41
- 28 22
+ 31 42 1 14 0 40 47 22 43 45 17 45 29
- 7 13 45 18 41 18 45 13 45 45
+ 4 43 37 42 1 7 41 34
+ 14 0 2 20 13 45 41 18 13 45 41 34
- 7 36 41
- 9 20 29 5 18 41 47 34
- 7 45 13 25
+ 4 37 42 1 7 41 40 20 22
- 41 24 34
- 9 39 39 13
- 18 7 13 45
- 14 35 11 32 31 37 31 16 37 44 44 31 16
- 13 45 41
- 31 42 40 41 34
- 4 43 37 21 42 16
- 47 41 7
- 9 24 45 28
+ 9 38 47 43 2 49
- 13 45 41 49 27 13 22 42 12 43
- 9 49 45 12
- 9 43 12 45 29
- 14 0 26 26 39 9 26
+ 
- 13 17
- 18 7 13 45
+ 7
- 9 35 12 27 5
- 4 4 4 41 39 9 34
+ 31 42 1 4
- 9 1 29
- 32 16
+ 9 17 17 48 13 39 13
- 9 38 22 2 32 43 47 22
- 39 27
+ 7 13 45 13 45 41 40 17 17 48 13 17 6 12 8
- 49
+ 7
+ 9 49 0 40 12
- 6 47 47
- 43
- 10 45 47 47 47
- 32 38 14 41 7 16 12 45
+ 31 42 1 4
+ 31 42 1 14 39 13 43 15 28
+ 14 45 25 19 15 37 23 37 9 37 9 37 9 37
- 7 48 45 0
+ 9 38 43 43 7 17 17 6 31 48 13 43
+ 14 39 13 47 47 22 43 7 17 45 47
+ 9 38 43 0 24 17 6 19
+ 
- 14 45 25 35 21 39 35 21 19 10 9 37 17 35 21
- 14 2 16
- 9 17 41 11 1 44 44
- 9 20 41 18 13 1 0
- 31 19 34
+ 31 42 1 31 42 1 31 42 1 9 20 22
+ 4 43 43 37 42 1 14 0 43 7 17
+ 
- 13 47 0 41 18 3
+ 4 43 43 37 42 1 14 0 43 7 17
+ 
+ 
- 4 42 47 37 41 34
+ 14 17 2 7 16 12 20 16 31 48 13 45 25 19 10 17 19 15 37 17 35 21 35 21 19 10
- 35 41 34
- 43 13 41 5
+ 9 49 39 13 12 43
- 31 1 14 43
- 9 24 45 28
- 31 42 9 49 0 39 46
+ 7
+ 
- 27 14 45 47 29
+ 14 41 7
- 14 39 6 43 40 47 22 0 24 17 6 6 12 10 0
+ 9 38 12 17 48 13
- 7 22 28
- 15 38 38
+ 4 37 42 1 4 37 42 1 7 13 45 13 45 41 40 20 22
+ 9 17 39 13 47 47 22 40 12
+ 4 43 43 37 41 34
+ 
- 7 34 3 45
+ 4 43 37 42 1 31 42 1 4 37 42 1 16
+ 
- 13 43 23 20 40
- 41 16
- 3 10
- 4 27 47 5 41
- 33 31 41 40 41 22
+ 14 41 7 32 44 31 37 31 37
- 31 23 42 1 31 41 34
- 31 38
- 13 2 23 1 34
- 14 7 29
- 4 21 37 41 34
+ 14 45 25 19 15 37 9 37 9 37 23 37 17 19 10 23 37
+ 14 41 11 16 12 20 32 31
- 9 17 44 0 38
- 47 7
- 0
- 9 49 37 43
- 36 47
+ 31 42 1 4
- 12 38 47 47 33 43 7 49
+ 14 0 2 17 45 47
- 14 39 13 43 43 24 7 49 8 11 32 31
+ 4 43 37 42 1 14 17 48 13 41 7 32 31
+ 9 17 17 6 19
+ 
- 4 21 37 29 9 16 43 40
+ 9 38 22 0 24 45
- 30 8
+ 7
+ 14 41 7 16 31 2 7 16 19
- 46 1 14 45 47 22
- 42 46 20 1
- 7 13 45 34
+ 14 0 43 7 20
- 1 2 48
+ 7 13 45 13 45 41
+ 31 42 1 4
- 33 8 22 45 9
+ 31 42 1 14 39 13 22
+ 9 17 39 13 47
- 9 43 12 45 29
+ 9 38 47 43 0 24 41 11 16 31 6 19
- 31 19 41 6
- 41 21 34
+ 7 41 40 38 47 47 47 7
+ 
- 10 43
+ 9 38 47 43 40 22 15 34 49 15 19
+ 31 42 1 14 0 0 26 41 7 32 44 31 37 31
+ 9 20 41 40 38 22 38
- 14 7 25 35 14 21 36 21
- 11 24 45
+ 14 39 13 12 17 2
- 9 17 5 13
+ 14 0 15 36 37 41 41 30 19
+ 14 45 25 19 15 37 9 37 9 37 23 37 17 19 10 23 37
+ 
- 13 43 23 20 40
- 33 32 16
- 35 16
+ 
+ 
+ 9 20 13 45 13 45 41 34
+ 14 41 7
- 36
- 4 41 18
- 31 4 34
- 43 26 25 43 43 47 37 35 41 34
+ 14 39 13 43 0 17 17 26 17 6 19
+ 9 17 45 47 47 25 35 21 19 10 17 19 15 37
+ 14 39 13 47 47 22 43 7 17 45 47
- 40 45 6
- 9 4 17 39 44 6 14 41 1 3 31
+ 
- 7 45 13 25
+ 
+ 9 38 43 40 22 15 36 5
- 4 37 10 41 34
+ 14 0 43 7 20 13 45 22
- 9 31 39 42 22 16
+ 
- 9 25
- 9 35 12 27 5
- 4 21 37 41 34
+ 7 13 45 41 40 20 41 40 49
- 36 37 42 1
- 27 7
+ 31 42 1 14 17 6 6 7 16 19
- 6 2 23 37 31 1
- 14 39 48 13 47 47 12 17 2 16 31 2 11 7 16 12
- 9 10 43 24 33 41 34
- 4 1 43 37 41 34
- 12 38 22
+ 9 38 47 43 2 49
+ 9 20 41 40 17 41 11 32
- 2 2
+ 31 42 1 14 17 6 12
- 4 48 43 37 11
- 13 1 13 41 34
- 9 39 13 43 15 24 33 15 19 2 49 10
+ 14 39 13 12
- 4 1 16
+ 14 41 7
+ 4 43 37 42 1 31 42 1 4 37 42 1 16
- 7 13 21
- 4 37 28
- 14 10 7
- 31 42 49
- 4 43 43 43 37 42 1 9 28 38 43
+ 9 49 41 7 32 31 16 16 16
+ 
- 0
- 11 49 41 11 16 19
- 9 38 18 43 35 22 49 43
- 43 14 0 0 24 0 29 0 26 41
- 3 24 31 12
+ 14 41 7 32 31 16 37 44 31 37 44 31 37 31
+ 
- 23 42 1 16
- 4 43 37 1 31 41 34
+ 4 43 37 42 1 9 38 43 38
- 44 1 7 41
+ 
+ 9 38 22 0 24 45
- 33 8 22 45 9
- 29 36 18
+ 14 41 7 32 31 16 37 44 31 37 44 31 37 31
- 25 10 42 14
- 49 39 43 7 49
- 24 37 43
+ 9 20 41
- 6 15
- 14 17 12 12 10 16 19
- 7 29 43 16
- 1 49 7 45 41
- 31 42 9 49 0 39 46
- 7 28 45 10
- 24 16 20 43
- 7 41 18 35 13 22
+ 14 39 13 22 0 26 45 25 19 15 37 9 37 23 37 17 19 10 17 35 21 19 15 37 23 37
- 1 2 48
+ 31 42 1 31 42 1 4 43 43 37 41 34
+ 
- 4 43 43 29 7 25 24 41
- 49
+ 31 42 1 4 43 37 42 1 14 45 47 25 35 21 19 10 9 37 9 37 17 35 21
- 17 45 29
+ 14 41 7 32 31 37
- 4 13 42 20 45
- 7 0 33 45 10 33 45
+ 
- 7 1 18 22
+ 7
- 9 45 48 10
- 14 6 23 31 45 29
- 9 38 34 49 29 39 13 22 2 0
- 31 30 15 1 4 14 45
- 31 42 1 9
+ 7
- 17 46
- 11 7 45 26 13 27 13 45
- 49
- 3 49 43
+ 9 17 45 47 47 25 35 21 35 21 35 21
- 0 25
- 3 16
+ 9 49 39 13 47 47 12 0 38
+ 14 41 7
+ 9 17 17 48 13 41 7 32 44 44 31 16 16 37 44
- 31 42 1 25 42 16 9 38 43 15 3 10
- 4 5 15 37 41 39 34
- 28 13 45 31 13 45 41 40 7
+ 14 45 25 35 21 19 10 9 37 17 19 15 37 23 37 23 37
- 14 34 21 2 11 16 19
- 14 17 48 13 39 12 17 2 1 11
- 30 8 1 23
- 14 35 35 35 44 21 35 21 35 21 24 19
- 31 23 42 1 31 41 34
- 1 39 30
- 43
- 4 2 37 41 32
+ 9 38 43 15 34
+ 9 38 47 47 12 17 6 31 6 12 8 8
- 9 17 13 29
+ 31 42 1 9 49 41 11 32 31 37 31 37 44
- 6 34
+ 4 37 42 1 4 37 42 1 7 13 45 13 45 41 40 20 22
- 12 14 7 32 44 44 31 44 31 16 30
- 9 13 38 7
- 9 43 20 13 23 22
+ 7
+ 14 0 15 34 49 10 42 10
- 31 27 1 37 41 34
- 22 31 24 34
+ 
+ 4 43 43 43
- 19 1 22
- 9 17 17 19 48 13 43
- 14 41 11 16 10 6
+ 
- 4 43 43 29 7 25 24 41
+ 14 39 13 43 2 49
+ 14 17 2 11 32 31 37 44 31 16 16 16 16 16 16 37 44
- 28 49
- 31 42 3 16
- 9 8
- 7 14 20 34 34
+ 4 43 43 37 41 34
- 49 41
- 29 21 16
- 12 38 22
- 7 36 41
+ 31 42 1 14 39 13 22
- 14 11 32 31 37 31 16 37 12 31 37 31 16 37 44 31
+ 7
- 29 16 22
- 14 0 2 2 11
+ 7 13 45 13 45 13 45 13 45 41 40 17 43
+ 9 49 41 11 16 19
+ 9 17 39 13 43 43 45 17 45 25
- 34 33 16
+ 9 20 13 45 41 40 49 41 7
+ 14 41 11 16 12 20 16 6 11 32 44 44 44 31
+ 
+ 14 39 13 12 17 2
- 14 45 45 13 35 43 21
+ 9 17 17 6 31 48 13 0 38
- 44 3
- 12 41
- 36
- 9 9 38 3 22 15 40 17 7
+ 14 41 11 32 31 37 31
+ 7 41 40 17 17 6 6 11
- 4 37 17 8 42 1 16
+ 
+ 14 45 25 19 15 37 17 19 15 37
- 32 1 1 0 12 41 34
- 8 7 13 45 6 45 22
- 9 8 5 0 41 39
- 11 14 38 15 6 47 6 11 14 19
- 16 4 16
- 14 0 15 34 30 38 33 10 42 46 42 10 42 15 38 40 10 42 15 3 10
- 7 20 13 22
+ 31 42 1 31 42 1 9 38 12 17 48 13 39 13 22 2 17 41 7
- 42 37
- 31 42 1 31 16 41 34
- 0
- 31 1 7 9 43
- 37 0 33 38
+ 
- 16 7 13 33 13 45 6 13 45
+ 9 49 39 13 47 47 12 0 38
+ 9 49 17 2 7 16 12 8 27
+ 9 49 0 15 28
- 40 7 22
- 4 0 43
- 14 2 20 30 4
- 14 6 23 8 27
+ 4 43 37 42 1 7 41 34
- 7 48 45 0
- 12 1
- 7 4
- 1 38 1 14 17 2
- 9 38 41
- 4 43 43 43 37 42 1 9 28 38 43
+ 4 43 43 43 37 41 34
- 12 14 39 13 12
- 17 31 1 4 29
- 14 7 25 35 14 21 36 21
- 9 38 22 40 47 22 23 15 16 15 3 15 41 30 7
- 9 20 24 45 32 13 13 45 45 22
- 47 17
+ 14 39 13 47 43 2 38 47 47 47 43 38
- 14 39 47 43 7
+ 9 17 17 48 13 45 25 35 21
- 16 31 42 1 31 1 22
+ 4 43 43 43 37 41 34
- 31 42 49 45 37 29
- 19 42 6 18
+ 9 20 13 45 41 40 38 22 43 46
+ 14 39 13 43 0 17 24 0 0 17 17 26 45
- 25 41 11 32 31 16 16 37 44 31
+ 7 41 40 38 22 40 22 43 45 20 22
- 31 41 37
+ 
- 14 39 13 43 12 15 36 5
+ 9 17 0 2 49
+ 14 45 25 19 15 37 17 35 21 19 15 37 23 37 17 35 21 19
+ 
- 14 12 40 22
+ 9 17 45 47
- 37 9 49 39
- 14 41 11 16 31 6 6 23 16 31 48 5 13
+ 9 49 17 48 13 17 48 13 45 25
+ 4 43 37 42 1 9 17 41 11
- 9 31 39 42 22 16
+ 4 37 42 1 4 43 43 43 37 42 1 16
- 44 3
+ 7
+ 9 17 41 11 16 12 8 8 20 32
- 28 22
+ 31 42 1 4 37 42 1 31 42 1 7
- 9 38 12 41 11 32 44 44 44 44 44 39 31
- 15 13
- 31 36 1 35 41 34
+ 9 38 47 47 43 43 45 17 0 43
+ 
+ 9 20 13 45 13 45 41 34
- 17 31 1 4 29
- 14 49 0 41 45 8
- 15 42 7
+ 31 42 1 9 17 39 13 43 40 43
+ 14 39 13 12 45 47 47 25 19 10 9 37 17
- 9 38 3
- 27 42 16
- 42 26
- 4 37 10 41 34
+ 9 38 47 22 15 16
+ 31 42 1 31 42 1 14 17 6 12 20 16 19
- 9 17 35 6 29
- 4 14 17 0 6
+ 4 37 42 1 9 17 0 38
- 6 22
- 0 6 13
+ 
+ 14 17 2 7 16 31 6 6 7 16 19
+ 4 37 42 1 9 17 45 47 25 19 15 37 23 37 9 37 17 35 21 19 15 37 23 37 17 19 10 17 35 21 19 10
- 8 47
+ 31 42 1 14 0 43 45 49 39 13 7
- 48 46
- 31 32 34
+ 9 20 41 40 17 45 25 35 21
- 13 1 13 41 34
+ 4 43 43 37 41 34
- 4 43 37 1 16
- 14 39 13 49 7
- 0 6 13
- 5 15
+ 
+ 9 17 17 6 31 48 13
+ 9 17 17 48 13 41 11 32 44 31 16 16 37
- 36 31 41 34
- 9 38 12 49 17 2 7 32 44 44
- 5 25 10 14 11
+ 14 41 11 16 12 20 32 31
+ 7
- 9 20 41 40 17 48 44 17 6 31 2 11
+ 4 43 37 42 1 4 37 42 1 9 49 45
+ 7
- 15 49 41 34
- 1 45 37 1
+ 
- 9 38 22 0 24 17 6 31 2 7 32 31 30 37 31 37 31 16 16 37 44
- 5 10
+ 14 17 2 7 16 12 20 16 31 48 13 45 25 19 10 17 19 15 37 17 35 21 35 21 19 10
+ 
+ 
+ 9 38 22 40 47 7
+ 4 43 43 37 41 34
- 28 13 45 31 13 45 41 40 7
- 9 17 39 13 47 3 47 43 2 17
- 31 1 14 43
+ 14 17 6 31 48 13 17 2 7 16 31 48 13 0 15 16 15 28
- 9 20 13 11 20 22
+ 7 41 40 49 17 2 7 32 31
+ 4 43 37 42 1 16
- 9 1 29
- 29 36 18
- 49 15 43
+ 9 20 41 18 41 40 49 45 29
+ 4 43 43 37 42 1 9 20 13 45 41
- 7 40 17 0 40 47 43 2 38 7
- 25 42 1 14 41
+ 7
+ 
- 31 42 1 31 24 34
- 31 42 1 25 42 16 9 38 43 15 3 10
- 14 45 45 47 29
+ 
- 2 31 34
- 14 6 23 31 45 29
+ 7
- 1 26
+ 4 43 43 37 41 34
+ 14 39 13 43 2 49
+ 9 49 39 13 22 2 49 41 11 16 12 8 27 27 8 8 27 27 27 8 20 32 44 31
- 7 1 18 22
- 4 48 43 37 11
- 47 35
+ 
- 14 28 8 26 48 13 41 5 11 22 32 31 16
- 4 43 37 1 16
- 19 9 49 17 20 13 41 7 32 44 31 16
+ 7
- 11 38 4 20
- 47 35
+ 
- 31 4 41 37 42 10 1 9
+ 31 42 1 9 49 0 0 24 43
- 9 38 12 49 17 2 7 32 44 44
- 12 14 7 32 44 44 31 44 31 16 30
+ 9 38 43 0 24 39 13 47 7
- 31 38
+ 
- 3 14 17 2 7
- 37 48 40 45 47 29
- 29 7 32 44 44 44 44 19 31
+ 
- 5 25 10 14 11
- 29 45 35 29 34
- 32 21
- 35 16
+ 4 37 42 1 14 17 48 13 0 2 38 43 40 7
+ 9 17 17 6 19
- 15 43 39 7
- 14 24 45 47 45 47
+ 9 17 0 2 49
- 7 41 40 49 45 25 35 21 35 21 19 24 37 17 19 15 37 9 37 23 37 17 19 10 9 37 23 37 17 19 10
+ 14 0 0 26 41 7 16 19
- 14 45 25 35 21 39 35 21 19 10 9 37 17 35 21
+ 14 17 48 13 41 7 32 44 44 31 16 37 31 37 44 31 37
- 7 20 13 22
- 28 32 40 43 34 3
- 42 37
+ 4 43 43 37 42 1 9 20 13 45 41
- 19 34
- 1 29 45
- 42 1 31 42 1 4 23 41 23
- 4 32 43 43 37 41 34
+ 9 49 39 13 22 2 49 41 11 16 12 8 27 27 8 8 27 27 27 8 20 32 44 31
+ 
+ 4 37 42 1 9 20 41
+ 31 42 1 14 41 7 16 19
- 14 16 25 35 32
- 5 15
- 9 22
- 9 17 13
+ 
+ 4 37 42 1 7 13 45 13 45
+ 14 39 13 43 0 17 17 26 17 6 19
- 42 1 7 22
- 9 18 20 22
+ 31 42 1 31 42 1 4 43 43 37 41 34
+ 14 0 15 36 37 9 15 38 33 10
- 14 0 26 26 39 9 26
- 31 11 27 41 0
- 14 39 13 43 12 15 36 5
- 9 39 39 13
- 46 28
+ 9 38 43 2 38 47 22 40 47 7
- 4 24 37 25 41 34
- 4 37 42 19 1 4 37 41 34
+ 14 45 25 19 15 37 17 35 21 19 15 37 23 37 17 35 21 19
- 14 45 45 47 29
- 46 41 12 25 38 40 47 7
- 24 42 42 16
- 1 48 41 34
+ 9 49 41 11 16 19
+ 9 17 17 6 12 8 8 20 32 31 16
+ 9 20 41 18 13 45 13 45 22
+ 
- 0
- 7 7 22
+ 14 17 2 7 32 31 16 37 44 44 31 16 16 37 44 31 37
- 6 15
- 49
+ 7 13 45 13 45 13 45 13 45 41 40 17 0 0 17 24 39 13 22 0 17 17 24 39 13 47 22 38
- 31 24 45 41 34
- 24 35 34 45
+ 9 49 45 47 25 19 15 37 9 37 23 37 9 37 9 37 17 19 15 37 23 37
- 14 15 34 33 37 29 46 15 41 32 23 10
- 9 17 6 2
+ 31 42 1 4 37 42 1 7 22
- 14 39 6 12 39 13 43 2 20 22
+ 4 37 42 1 14 41 11 16 12 20 16 19
- 43
- 30 36
- 1 16
- 9 36 17 39
- 43 27 31 41 34
- 9 17 16
- 27 41 6
- 42 1 31 42 1 4 23 41 23
+ 14 39 13 12 41 11 32 31 37 44 44
- 14 41 11 32 44 34 31 37 31 37 31 16 16 16
- 22 41
- 9 1
- 45 41 34
- 45 37 42 4 43 37 34
- 9 8
+ 14 0 43 7 38 43 40 7
- 32 38 14 41 7 16 12 45
+ 
- 3 24 31 12
+ 31 42 1 14 45 25 19
+ 31 42 1 4
- 43 41 40 49 17 11
+ 9 17 0 15 36
- 9 20 13 45 13 3 13 45 22
- 29 40 41
- 34 8
- 25 41 11 32 31 16 16 37 44 31
- 31 40 31 36
+ 7
+ 14 17 48 13 17 48 13 39 13 47 47 47 43 40 12 17 48 13 45 25 35 21 19 15 37 9 37
- 9 4 17 39 44 6 14 41 1 3 31
- 14 7 29
- 9 35 13 45 41
- 4 37 41 39 34
+ 31 42 1 14 45 25 19
- 34 31 34
+ 9 38 43 2 38 47 22 40 47 7
- 9 0 2 16 49 21 16
- 4 42 47 37 41 34
- 0
- 7 13 38 45
- 7 45 22
+ 
+ 14 45 25 35 21 35 21 35 21 19 15 37 23 37 17 19 10 23 37 9 37 17 19 15 37
- 1 48 41 34
- 9 38 47 21 12 45 47
- 37 45 7 16 19
+ 9 49 41 7 32
- 4 43 43 43 37 34
+ 
+ 
- 14 10 7
- 7 16
- 31 11 27 41 0
- 29 40 47 19 34
+ 
+ 9 49 17 48 13 17 48 13 45 25
- 4 37 28
+ 9 38 47 43 43 45 49 0 2 49 0 15 34 41
- 14 39 25 15 43 46
+ 31 42 1 9 49 0 15 28
+ 
+ 31 42 1 9 49 0 0 24 43
- 7 13 2
+ 
+ 
+ 14 17 6 31 48 13 17 2 7 16 31 48 13 0 15 16 15 28
+ 
- 16 1 16
+ 31 42 1 9 38 47 43 40 7
- 27 41 6
- 14 39 13 43 43 24 7 49 8 11 32 31
- 14 40 2 24 41 18 25
+ 
- 40 43 37 41 34
+ 14 45 25 19 10 23 37 23 37
+ 4 43 37 42 1 4 43 37 42 1
- 14 2 20 30 4
- 4 2 37 41 32
+ 31 42 1 4
- 14 2 16
- 45 37 40 34
- 30 25 20 41 40 38 47 47 43 15 34 49 15 19
- 4 37 29 1
- 31 42 1 31 42 1 7 2 34
+ 7
- 7 45 22
+ 14 17 2 7 16 31 6 6 11
- 16 7 13 33 13 45 6 13 45
- 29 40 41
+ 4 43 37 42 1 16
- 7 24
- 14 0 10 23 43 21 46
- 31 4 41 37 42 10 1 9
- 31 8 41
+ 14 17 48 13 41 11 32
- 32 0 0 37 41 34
- 30 8
+ 9 17 41 11 16 12 8 27
+ 14 0 43 7 20 13 45 22
- 16 4 16
+ 14 41 7 32 44 44 44 44 44 44
- 19 42 6 18
+ 4 43 37 42 1 16
- 9 24 4
+ 
- 9 43 20 13 23 22
+ 9 49 0 2 20
+ 9 17 41 11 16 12 8 8 20 32
+ 7 13 45 13 45 41 40 38 43 0 26 39 13 22 0 26 45 29
- 12 14 39 13 12
- 1 26
- 4 17 42 1 31 42 1
- 31 36 1 35 41 34
- 10 29 49
+ 9 17 17 2 11 32 44
+ 7
- 14 0 15 34 30 38 33 10 42 46 42 10 42 15 38 40 10 42 15 3 10
- 3 31 42 18 6 1 43
+ 
+ 7 41 40 38 12 45 47 25
+ 31 42 1 14 39 13 47 12 41
+ 7 13 45 41 40 20 41 40 49
+ 
- 9 38 12 41 11 32 44 44 44 44 44 39 31
+ 9 17 45 47
- 4 14 17 0 6
+ 9 49 41 7 32 44 44 44 44 44 44 44 44 31
+ 7 41 18 41 40 20 22
+ 
+ 
- 40 14 17 13 21 32 22 0 17 26
+ 
+ 14 41 7 32 44 31 16
- 47 41 7
+ 9 20 13 45 41 40 38 22 43 46
+ 
- 4 37 42 1 14 26 6 12
+ 7
- 14 21 0 12
- 49
- 43 4 34
+ 4 43 43 43 37 41 34
+ 4 43 37 42 1 4 37 42 1 7 41 18 41 34
- 15 38 38
- 14 16 25 35 32
- 7 22 28
+ 14 0 0 17 26 17 48 13 45 47
- 4 2 41 37 34 41 3 34
+ 14 39 13 43 0 17 24 43
+ 
- 49 15 43
+ 
+ 
+ 4 37 42 1 4 43 43 43 37 41 34
- 45 37 40 34
- 18 7 10 12 22
- 9 10 43 24 33 41 34
- 5 10
- 8 11
- 9 0 2 41 16 19
- 26 8 36
- 24 41 40 20 41 18 22
- 40 45 6
+ 14 0 0 17 26 43
+ 9 38 47 43 40 12 0 38
- 9 38 3
- 14 17 48 13 45 25 19 10 23 45 23 23 37 23 9 37 17 19
- 0 39
- 47 24
- 33 42 1 31 41 36
+ 4 43 37 42 1 9 38 43 38
- 26 31 42 9 13 45 41 15
- 4 45 39 37 28 27 34
- 12 7 34
+ 14 17 2 7 32 31 16 37 44 44 31 16 16 37 44 31 37
+ 7
+ 
+ 
- 9 17 39 13 22 15 34 33 15 25 3 29 47 24 33 10 42 10 42 15 38 33 15 3 15 38 33 10 42 15 15 3 15 33 29 47 38 38 33 10 42 15 19 2 30 38 33 15 15 34 23 15 3 10 10 42 15 15 34 25 16 15 36 5
+ 9 49 17 2 7 16 12 8 27
+ 14 17 48 13 17 6 6 11 32 31 37 44 31 16
- 6 41 17 40 38 43
- 38 14 39 12 13 38 11 15 45 37
+ 9 38 43 0 24 39 13 47 7
- 14 15 34 33 37 29 46 15 41 32 23 10
- 38 40 13 26 7
- 13 45 22
- 4 43 43 42 1
- 11 47
- 7 13 2
+ 9 38 47 7
- 31 42 1 31 42 1 7 2 34
+ 
- 35 7 15 0 45
- 16 45 41 4 17
- 1 49 7 45 41
+ 14 17 48 13 41 11 16 12
- 43 4 34
+ 4 43 43 43
- 15 18 43 33 43
+ 4 43 43 43 37 42 1 31 42 1 9 38 43 2 20 41 18 41 18
+ 
+ 
- 40 31
+ 4 43 43 37 41 34
+ 7 41 40 20 41 34
+ 14 17 6 12 20 16 31 2 11 32 44 31 37 31 16 16
- 33 6
+ 14 17 48 13 41 11 32 31 16 37 44 44 44 31 37 44 44 31 16 16
- 14 24 45 47 45 47
- 10 16 22
- 4 24 37 25 41 34
+ 31 42 1 14 17 6 12
- 9 7 8 45
- 9 20 10 13 45 13 45 22
+ 
- 0 38 22
- 9 13 38 7
+ 7
- 31 1 17 2 7 16 31 44
- 36
+ 14 0 2 20 13 45 41 18 13 45 41 34
- 0 25
+ 
- 48 13 2 17 23
- 17 26 7 22
- 26 41
+ 14 17 6 31 6 12 8 8
- 1 38 1 14 17 2
- 9 38 22 40 47 22 23 15 16 15 3 15 41 30 7
- 44 42 1 37 42 1 31 41 34
+ 4 43 43 43
- 19 9 49 17 20 13 41 7 32 44 31 16
+ 9 38 43 43 7 17 17 6 31 48 13 43
- 6 34
+ 31 42 1 14 0 43 45 49 39 13 7
+ 14 45 25 35 21 19 15 37 9 37
+ 
+ 
+ 14 0 43 7 20 22
- 7 45 41 18
- 9 49 37 43
+ 9 17 17 6 31 48 13
- 14 45 45 13 35 43 21
- 7 0 18 22
+ 4 43 37 42 1 7 41 34
- 17 26 7 22
- 7 40 17 0 40 47 43 2 38 7
+ 14 0 0 17 26 45 25 35 21
- 4 37 17 8 42 1 16
- 17 41 13 2
- 2 2
+ 9 20 13 45 41 34
- 32 27 17 43 15 34 10 42 15 38 33 3 23 3 26
+ 9 17 39 13 43 43 45 17 45 25
- 14 5
+ 9 38 47 22 2 38 47 47 12 43
- 5 4 41 35
- 7 0 18 22
+ 7
+ 14 17 6 31 6 12 8 8
- 9 35 13 45 41
- 14 39 16 22 18 32
- 32 16
+ 14 39 13 12
+ 
- 9 12
- 4 37 12 1 9 42 14 7
+ 7
+ 14 39 13 12 41 11 32 31 37 44 44
- 4 41 18
+ 7
+ 7
+ 14 0 2 49 39 13 22 40 7
- 14 16 1 28
+ 
- 14 0 10 23 43 21 46
+ 14 17 48 13 17 6 6 11 32 31 37 44 31 16
- 31 46 42 1 14 41 7 19
+ 4 37 42 1 31 42 1 31 42 1 4 43 43 43 37 41 34
- 49
+ 
+ 4 37 42 1 31 42 1 14 39 13 7
+ 14 39 13 43 2 49 17 2
+ 31 42 1 14 41 7 32 44 31 16 16 37 31 37 31 16 16 16 37 44 44
- 29 40 47 19 34
- 15 26
+ 7 41 40 49 17 2 7 32 31
+ 9 38 12 17 48 13
- 45 30 9 2 17 41
- 14 35 11 32 31 37 31 16 37 44 44 31 16
+ 
+ 9 38 22 2 20 41
- 1 38
+ 9 38 22 40 7
+ 
+ 31 42 1 31 42 1 9 38 12 17 48 13 39 13 22 2 17 41 7
- 41 7 13 45 13 45 41 22
- 36
+ 9 38 47 22 15 16
- 7 28 45 10
+ 9 20 13 45 13 45
+ 14 41 7 32 44 44 31 16
+ 7
+ 31 42 1 7 41 18 41 34
- 46 41 12 25 38 40 47 7
- 14 17 2 7 32 31 16 37 12 31 16 16 16
+ 9 17 45 25 19 15 37 9 37 17 19 15 37 9 37 9 37 17 19 10 17 19 15 37 17 19 10 23 37 9 37 23 37
- 20 45
- 31 42 40 41 34
+ 9 49 0 0 24 39 13 7
+ 4 43 37 42 1 4 37 42 1 7 41 18 41 34
- 7 34 3 45
- 26 31 42 9 13 45 41 15
- 24 15
+ 
- 7 41 28 18 34
- 10 29 49
- 13 14
- 4 43 37 42 47 4
+ 7
+ 4 43 37 42 1 4 43
+ 7 41 18 41 40 20 22
+ 
- 33 17 29 6 45
- 9 21
+ 4 43 43 37 41 34
+ 
+ 14 41 7 32 44 31 37 31 37
+ 
- 14 17 48 13 39 26 13 12 17 48 13
- 15 49 41 34
- 42 14 43 17 2 11 16 12 8
+ 
- 33 17 29 6 45
- 4 37 1 34
- 49 43 48
- 4 1 43 37 41 34
- 38 32 47 12 17 48 47 13 47 39 13 7
- 7 13 21
- 14 49 0 41 45 8
+ 
- 1 4 38 37 42 1
- 9 20 34 17
+ 14 45 25 35 21 19 15 37 9 37
+ 14 0 43 7 17 17 48 13 17 2 11
- 9 45 16 41 38
+ 
+ 14 0 0 17 26 45 25 35 21
+ 9 17 17 6 6 11 16 12
- 14 12 40 22
+ 14 41 7
+ 
- 43
- 9 49 17 48 14 31 33 46 15 36 5
+ 
- 21 8 37 20
- 24 14 48 34 43 1
- 14 28 8 26 48 13 41 5 11 22 32 31 16
+ 4 37 42 1 31 42 1 31 42 1 4 43 43 43 37 41 34
- 49 43 22
- 9 38 22 3 40 22 7 16 41
- 38 9
- 3 5 28 3
+ 
+ 14 17 48 13 41 11 32 31 16 37 44 44 44 31 37 44 44 31 16 16
- 7 38
- 49 17 2 7 16 19
- 32 27 17 43 15 34 10 42 15 38 33 3 23 3 26
- 35 31 16 34
- 7 41 18 18
- 7 4 46 22
- 31 42 1 31 42 1 9 38 7 45
+ 
+ 4 43 43 43
- 37 36
+ 9 17 39 13 47 47 22 40 12
- 7 4 46 22
+ 14 45 47 29
- 12 9 20 13 45 41 18 13 45 22
+ 9 17 17 48 13 39 13 7
+ 9 17 41 7 32 44 44 44
- 31 42 1 9
- 7 16
+ 14 17 2 7 16 6 7 32 44
- 14 17 48 13 17 2 7 16 31 6 6 11 16
+ 
- 42 14 43 17 2 11 16 12 8
- 9 25
+ 
+ 9 38 47 22 40 43 15 36 5
- 14 39 13 12 0 7 15 41 33 10 15 36
+ 
- 4 4 4 41 39 9 34
- 9 17 35 6 29
+ 
+ 
- 9 38 12 0 24 0 4 12 47 43
- 31 42 1 17 37 41 34
- 47 47 41 34
+ 9 17 0 15 36
+ 4 43 43 37 41 34
- 31 42 1 17 37 41 34
- 9 17 45 25 19 10 9 37 9 37 9 37 17 35 21 35 21 35 21 19 10 23 37 23 37 23 37 17 35 45 21
- 9 38 12 42 38
- 44 7
- 41 24 34
- 15 18 43 33 43
- 45 37 42 4 43 37 34
+ 9 20 41 40 20 13 45 13 45 41 34
- 12 9 20 13 45 41 18 13 45 22
+ 7 41 40 38 47 47 47 7
+ 9 38 22 0 26 43
- 43
+ 31 42 1 31 42 1 14 0 38
- 47 14 22 17 48 13
- 45 19 7 34
- 9 38 47 21 12 45 47
+ 
- 9 49 17 48 14 31 33 46 15 36 5
+ 4 43 43 37 41 34
+ 4 37 42 1 4 43 43 43 37 41 34
+ 4 43 43 43 37 41 34
- 4 37 42 1 14 26 6 12
- 9 20 13 11 20 22
- 37 42 1 31 42 1 4 34 42 1 0 14 43
+ 9 38 47 7
+ 7 13 45 13 45 13 45 13 45 41 40 17 43
+ 14 45 47 47 47 47 47 47 47
- 13 17
+ 7
+ 4 37 42 1 31 42 1 14 39 13 7
+ 
- 14 45 45 34 25
+ 7
- 14 35 35 35 44 21 35 21 35 21 24 19
+ 9 38 47 12 39 13 47 22 43 45 17
- 16 22
+ 4 43 37 42 1 9 49 17 2 7
+ 9 49 39 13 12 43
- 14 6 23 8 27
+ 7
- 14 17 48 13 17 2 7 16 31 6 6 11 16
- 10 46 48
- 33 31 41 40 41 22
- 4 37 42 1 9 41 17 39 13 12 17 2 7 32 31 12 44 44 31 37 31 16 37 31
- 3 37 13 37 34
- 29 31 41 31 35 8
+ 31 42 1 14 17 48 13 0 43 7 38 43 0 17 24 0 0 26 41 11 32 31 37 44 31
+ 9 38 22 40 47 7
- 9 12
- 9 43 49 41 7 16 19
- 13 14
+ 
- 9 49 1 25 19
- 47 39 10
- 2 31 34
+ 
- 24 14 48 34 43 1
+ 9 17 41 11 16 12 8 27
- 15 26
- 23 4 17 8 41 37 34
+ 31 42 1 9 49 17 48 13 43
- 44 43
- 14 17 6 35 7
- 43
- 9 18
- 9 38 34 49 29 39 13 22 2 0
+ 14 17 2 7 16 31 6 6 11
- 37 42 1 31 42 1 4 34 42 1 0 14 43
+ 
+ 7
+ 9 20 41 18 13 45 22
- 9 17 13
- 7 13 45 18 41 18 45 13 45 45
+ 
- 31 5 42 3 39
- 14 47 49
- 4 37 42 13 16
- 22 31 24 34
+ 
- 38 40 13 26 7
- 14 11 32 31 37 31 16 37 12 31 37 31 16 37 44 31
- 17 46
- 9 17 44 0 38
+ 31 42 1 14 0 0 26 41 7 32 44 31 37 31
+ 
- 18 39 38 46 3 31
- 14 6 13 22 40 22 9 20 41 46 1 20 41
+ 31 42 1 4 37 42 1 14 41 11 32 44 44 31 16 37 31
+ 9 38 47 43 43 45 49 0 2 49 0 15 34 41
+ 9 49 41 7 32 44 44 44 44 44 44 44 44 31
+ 14 0 43 7 38 43 40 7
+ 9 49 0 0 24 39 13 43 15 3 15 30 15 36 37
+ 
- 4 48 43 43 43 43 37 5 34
- 4 37 42 1 7 41 40 41
+ 
- 18 16 14
- 30 25 20 41 40 38 47 47 43 15 34 49 15 19
- 22 4 43 43 42 44 42 1
+ 
- 44 42 1 37 42 1 31 41 34
- 15 42 38 22
- 9 14 46 0 1 6
+ 
- 14 5
+ 14 39 13 22 2 17 45
+ 
- 9 17 41 1 16
+ 
- 49 45 14 12 21
+ 9 49 45 47 25 19 15 37 9 37 23 37 9 37 9 37 17 19 15 37 23 37
+ 
+ 14 0 0 17 26 43
+ 14 17 2 7 16 6 7 32 44
+ 
- 45 38 12 17 48 13 39 13 12 41 11 16 31 2 11 48 31 16 16
+ 7 13 45 13 45 13 45 13 45 41 40 17 0 0 17 24 39 13 22 0 17 17 24 39 13 47 22 38
+ 14 41 7
+ 
- 2 13
- 24 35 34 45
+ 14 0 43 7 20 22
+ 4 43 43 37 41 34
+ 7
- 7 40 20 45 49 18
+ 
+ 4 43 37 42 1 16
- 15 12 34 43
- 15 42 7
+ 14 17 2 11 32 31 37 44 44 44 31
- 7 13 45 9 13 45
- 31 41 40 34
- 14 17 40 15 43 15 36 5
+ 
+ 9 49 0 0 26 43
- 14 42 18 17 48 13 43
+ 14 39 13 47 43 2 38 47 47 47 43 38
+ 9 20 41 40 17 45 25 35 21
+ 
+ 14 39 13 43 0 17 24 0 0 17 17 26 45
+ 7
+ 7 13 45 41 40 49 39 13 43
+ 
- 9 49 39 13 22 2 17 45 25 19 15 8 17
+ 9 38 22 0 26 43
- 17 45 29
- 18 7 10 12 22
+ 14 45 47 29
+ 14 45 25 19 15 37
+ 
- 1 4 20 19 0 19 34
+ 14 0 0 26 41 7 16 19
- 8 11
+ 
- 35 37 42 1
+ 14 17 2 11 32 44 44 31 16 37 31 37 44 31 37 31 37 44 44 31 16
- 42 1 7 22
+ 4 43 37 42 1 16
- 9 21 38 13 43 38
- 4 37 42 1 4 14 0
- 45 38 12 17 48 13 39 13 12 41 11 16 31 2 11 48 31 16 16
- 9 38 22 3 40 22 7 16 41
+ 7
- 9 17 39 13 47 3 47 43 2 17
+ 
- 48 7 17 0
- 46 41
- 41 4
- 13 12
+ 9 49 0 0 26 43
- 3 8
+ 
+ 14 41 7 16 31 2 11
- 9 17 13 45 29
- 32 1 1 0 12 41 34
- 14 39 24 7
- 49 32
- 35 12 11
- 9 14 46 0 1 6
+ 
+ 
- 13 35 16
- 38 9 5 25 43
+ 7 41 40 49 39 13 22 15 28
- 4 43 43 44 6 42 1 9 20 8 41 22
- 21 26
+ 
- 7 41 40 47 47
+ 7
- 36 47
- 40 14 17 13 21 32 22 0 17 26
- 40 46 37
+ 14 45 47 25 35 21 35 21 35 21 35 21 35 21 35 21 19 15 37 17 19 15 37 17
+ 31 42 1 7 41 40 20 13 45
+ 9 38 47 43 0 24 41 11 16 31 6 19
+ 14 45 25 35 21 19 10 9 37 17 19 15 37 23 37 23 37
- 5 14 28 48 46
- 9 21 38 13 43 38
+ 7 13 45 13 45 41 40 38
+ 14 41 7 16 31 2 7 16 19
+ 
+ 
- 40 7 22
- 7 7 22
+ 9 49 41 11 16 31 48 13 43
- 17 41 13 2
- 31 42 48 1 13 45 45 22
+ 14 41 7 16 31 2 11
+ 31 42 1 9 49 0 15 28
+ 
- 0 38 22
+ 7
+ 14 45 47 29
- 9 17 33 13 47 22 40 12 43
- 7 0 45 9 2 8
- 40 46 37
- 18 16 14
- 6 47 47
- 6 2 40
+ 9 49 41 7 32 31 16 16 16
- 43
+ 
- 24 37 43
+ 14 39 13 12 45 25 19 10 23 37 17 19 15 37 9 37 17 35 21 35 21 19 10 9 37
- 9 38 12 0 24 0 4 12 47 43
+ 7
+ 
- 31 42 1 44 48 14 35
- 9 43 49 41 7 16 19
- 42 1 4 37 42 1 31 42 1 4 37 41 34
- 3 49 43
- 31 4 34
- 47 17
+ 7 41 18 41 40 38
- 43 13 41 5
+ 7
- 26 8 36
- 7 43
- 28 32 40 43 34 3
- 14 34 21 2 11 16 19
- 9 45 48 10
- 16 1 16
+ 4 37 42 1 9 38 47 7
- 41 7 13 45 13 45 41 22
+ 4 43 37 42 1 9 49 0
- 22 7 22
- 31 41 37
- 1 21 40 48 45 25 36 19
+ 
- 39 4 37 41 34
+ 
- 5 31
- 0 4 2
+ 7 13 45 41 40 49 39 13 43
- 14 11 35 39 13 26 15 28
+ 14 17 6 12 20 16 31 2 11 32 44 31 37 31 16 16
+ 7 41 40 20 41 34
+ 7
- 1 35 20 22
+ 9 38 43 0 24 17 6 6 7 16 31 2 7
+ 31 42 1 14 17 6 6 7 16 19
- 31 42 1 31 24 34
- 20 13 45 22
+ 31 42 1 14 39 13 47 12 41
+ 4 43 43 37 41 34
- 5 41 11
+ 
+ 14 41 7 32 44 44 44 44 44 44
- 14 17 2 7 32 31 16 37 12 31 16 16 16
+ 14 39 13 12 17 48 13 45 29
- 49 10 20
+ 14 41 11 32 31 37 31
+ 9 20 41 18 13 45 22
- 31 42 9 49 41 7 32
- 31 17 37 1
+ 4 37 42 1 14 0
+ 14 17 2 11 16 12 20 16 31 6 19
- 31 17 37 1
- 14 7 43 7 38 12 11
+ 
+ 
- 15 42 38 22
- 3 31 42 18 6 1 43
- 35 16
- 23 42 1 16
- 11 36 41 46
+ 
- 9 49 41 35 16 26
- 9 38 22 2 32 43 47 22
- 9 20 29 5 18 41 47 34
- 9 0 2 16 49 21 16
- 49 31 41 34
- 20 45
- 44 11 13 22
- 4 43 37 42 46 7 13 45 13 45 22
- 9 18 20 22
- 31 3 7
- 35 41 34
+ 9 49 0 2 20
- 4 37 12 1 9 42 14 7
- 29 4 43 37 41 31 34
- 5 19 22 28 14
+ 
- 14 39 24 7
- 9 49 45 12
- 3 9 17 43 7 17 20 39 13 7
+ 14 45 47 29
+ 
- 13 39 47 4 43
- 22 7 22
+ 7
- 14 37 39 13 47 43 0 37 17 17 17 34 24 43
- 7 0 33 45 10 33 45
- 9 8 25 29
- 0 42 48
- 9 49 25 39 47
- 43 14 0 0 24 0 29 0 26 41
+ 31 42 1 14 17 48 13 0 43 7 38 43 0 17 24 0 0 26 41 11 32 31 37 44 31
- 22 3
+ 9 38 22 2 20 41
- 29 43 43
- 49 43 48
- 0
+ 14 17 2 11 32 44 44 31 16 37 31 37 44 31 37 31 37 44 44 31 16
- 38 12 41 7
+ 31 42 1 7 41 18 41 34
- 14 0 2 2 11
- 14 17 2 7 16 31 48 13 39 13 47 22 15 34 33 15 6 49 15 19
- 31 42 34 1 31 18 41 34
+ 9 38 43 0 24 17 6 6 7 16 31 2 7
- 39 4 37 41 34
- 31 24 45 41 34
+ 7
+ 14 17 2 11 32 31 37 44 44 44 31
- 4 37 1 31 41 34
- 30 8 1 23
- 38 9
- 18 15
- 9 49 39 13 22 2 17 45 25 19 15 8 17
- 27 13 45 45 0 22
- 1 45 37 1
- 30 5
+ 9 20 41 40 20 41 18 22
+ 
- 9 20 41 40 17 48 44 17 6 31 2 11
- 31 27 1 37 41 34
+ 
- 4 43 43 42 1
- 34 31 34
- 13 47 0 41 18 3
- 14 30 49 13 41
- 27 12
+ 14 0 43 7 20
- 6 22
+ 14 17 48 13 41 11 16 12
+ 14 0 43 7 17 17 48 13 17 2 11
- 21 8 37 20
- 43
+ 4 43 43 43
+ 
+ 9 20 13 45 41 34
+ 4 43 43 37 42 1 9 17 39 13 43 0 24
+ 
- 22 6
+ 
- 5 14 28 48 46
- 9 22
+ 
+ 14 45 47 29
- 14 39 25 15 43 46
- 9 20 41 18 1
- 22 3
- 31 9 1 29 41 34
- 47 47 41 34
- 36 37 42 1
- 14 39 48 13 47 47 12 17 2 16 31 2 11 7 16 12
- 45 41 34
- 4 43 37 42 1 4 43 43 37 30 34
+ 9 49 17 6 12 8 8 20 32
+ 7 13 45 13 45 41 40 17 17 48 13 17 6 12 8
- 14 11 35 39 13 26 15 28
- 18 41 41
+ 14 45 25 19 15 37 23 37 9 37 9 37 9 37
- 4 45 39 37 28 27 34
- 14 48 37
- 18 36 40 41 34
- 31 32 34
- 44 16 13
- 30 5
+ 
- 14 45 25 35 21 35 21 35 21 19 15 37 9 37 17 35 21 19 10 9 23 37 23 37 23 37 9 37 23 37 35 21 19 10 9 37 17 34 21 35 21 19 15 37
+ 4 43 37 42 1 4 43
+ 14 0 0 26 41 7 32 44 31
- 14 40 2 24 41 18 25
- 7 40 38 21 11 42 31 29 7 32
- 47 7
- 31 32 16 1
+ 
+ 14 41 11 16 12
+ 
- 4 43 19 42 1 9 1 49 41
- 4 37 42 1 9 41 17 39 13 12 17 2 7 32 31 12 44 44 31 37 31 16 37 31
+ 9 17 17 48 13 39 13 7
- 10 43
- 4 37 42 1 4 14 0
+ 
- 4 43 43 43 37 34
+ 9 38 43 15 34
+ 
- 30 40 43 43 9 41 34
- 3 14 17 2 7
- 9 49 1 25 19
+ 
- 9 39 13 43 15 24 33 15 19 2 49 10
+ 9 20 41
- 16 31 42 1 31 1 22
+ 14 0 43 45 49 0 40 12 43
- 39 27
- 14 17 48 13 39 12 17 2 1 11
+ 7 13 45 41 40 49 17 48 13 17 6 6 7 32 31 16
+ 9 17 17 48 13 41 7 32 44 44 31 16 16 37 44
- 9 20 24 45 32 13 13 45 45 22
+ 9 49 17 48 13 39 13 22 40 7
+ 14 41 7 32 44 44 31 16
- 14 45 25 35 21 35 21 35 21 19 15 37 9 37 17 35 21 19 10 9 23 37 23 37 23 37 9 37 23 37 35 21 19 10 9 37 17 34 21 35 21 19 15 37
+ 4 43 43 37 41 34
- 31 30 15 1 4 14 45
- 14 39 13 17 2 11
- 31 42 1 12 9 49 43
+ 
+ 9 17 17 2 11 32 44
+ 4 37 42 1 14 41 11 16 12 8 8 20 32 31 16 16
- 1 16
- 40 1 4 17
- 31 42 31 42 38 1 31 42 1 31 34
- 31 42 34 1 31 18 41 34
- 29 39 24
+ 9 49 17 48 13 45 47 29
+ 9 17 17 48 13 45
+ 
- 18 15
+ 7
+ 
- 43
+ 9 38 47 47 43 43 45 17 0 43
- 14 17 10 2 26
- 4 5 15 37 41 39 34
- 13 2 23 1 34
+ 7 41 40 38 22 40 22 43 45 20 22
+ 9 20 41 18 41 40 49 45 29
+ 9 49 41 11 16 31 48 13 43
+ 
+ 9 38 22 0 26 45 29
+ 7
- 12 5
- 31 1 17 2 7 16 31 44
- 4 43 13
+ 
- 34 0 0 2 33 24 43
- 0 14 16
+ 14 41 11 16 31 48 13 41 11 32 31 37 31 37 44 31 16
+ 4 37 42 1 7 41 40 17
- 26 41
- 49 41
- 41 21 34
- 47 24
- 41 48 7 1
- 12 41
+ 4 43 43 43 37 42 1 9 49 39 13 22 38
+ 9 17 17 6 19
- 5 31
+ 4 43 37 42 1 16
+ 7
+ 7
- 21 7 22
+ 
+ 14 0 2 49 39 13 22 40 7
- 24 7 14 13 22
+ 
+ 
- 16 45 41 4 17
- 9 1
+ 14 41 11 16 12 20 16 6 11 32 44 44 44 31
+ 7
- 9 18
- 48 7 17 0
- 9 20 10 13 45 13 45 22
- 11 24 45
- 14 39 6 12 39 13 43 2 20 22
- 7 29 43 16
+ 
+ 9 20 41
- 14 39 13 14
- 4 43 37 42 1 4 43 43 37 30 34
+ 14 39 13 43 0 17 24 43
+ 
- 20 13 45 41 7 18 31 41
+ 31 42 1 4 37 42 1 7 22
- 13 35 16
+ 7
+ 9 17 45 47 47 25 35 21 19 10 17 19 15 37
- 34 33 16
+ 4 43 43 43 37 41 34
- 16 38 42 38 14 41
- 47 14 22 17 48 13
+ 14 45 47 25 35 21 35 21 35 21 35 21 35 21 35 21 19 15 37 17 19 15 37 17
- 14 48 37
- 35 12 11
- 10 29 43
+ 14 39 13 22 0 26 41 11 16 19
- 9 49 25 39 47
+ 14 39 13 22 2 17 45
+ 7 41 18 41 40 38
- 7 4
+ 14 45 47 47 47 47 47 47 47
- 14 0 0 43 23 37 7 17 15 0
+ 
- 16 22 0 40 7
- 1 9 43 0 24
+ 7 41 40 49 17 2 7
+ 9 17 17 6 6 11 16 12
+ 4 37 42 1 9 17 0 38
- 3 37 13 37 34
- 31 42 9 49 41 7 32
+ 31 42 1 14 39 13 43 15 28
- 1 38
- 31 42 49 45 37 29
+ 4 43 43 37 42 1 9 17 39 13 43 0 24
- 40 31
- 33 6
+ 4 43 37 42 1 9 17 41 11
- 34 42 43
+ 7
- 14 41 11 16 10 6
+ 9 38 47 12 45 25 19 10 23 37 23 37
+ 9 38 43 40 22 15 36 5
- 12 7 34
- 9 45 16 41 38
+ 31 42 1 9 49 17 48 13 43
+ 9 38 47 7
+ 7
+ 
- 9 17 45 25 19 10 9 37 9 37 9 37 17 35 21 35 21 35 21 19 10 23 37 23 37 23 37 17 35 45 21
- 21 26
- 3 8
+ 
+ 9 38 47 43 40 12 0 38
- 9 36 17 39
- 31 3 7
- 9 17 6 2
- 15 12 34 43
- 7 13 45 9 13 45
+ 9 38 22 2 20 22
- 24 15
+ 14 45 47 29
- 31 40 6 41 34
- 2 42 22
+ 9 38 47 22 40 43 15 36 5
- 29 21 16
- 27 12
- 34 15
- 43 27 31 41 34
+ 14 0 15 36 37 9 15 38 33 10
- 7 0 35 33 20 28
+ 
+ 14 0 0 17 26 45 47 47 25 19 10 23 37 17 35 21 19 10 17 19 15 37 23 37 9 37 23 37 23 37 17 35 21 35 21 19 10 23 37 9 37
+ 9 38 22 40 22 40 7
- 33 32 16
+ 
+ 7
- 9 17 41 1 16
- 31 42 31 42 38 1 31 42 1 31 34
- 2 1 21 16
+ 7 41 40 49 39 13 47 12 45 25 35 21
- 7 41 40 47 47
+ 9 49 0 0 24 39 13 43 15 3 15 30 15 36 37
- 27 42 16
- 36
+ 9 38 47 43 40 47 43 2 17 43
- 2 42 22
- 36 43
- 20 13 45 22
- 9 17 13 45 29
- 32 30 16
+ 9 38 22 40 22 40 7
- 43 1 42
+ 
+ 9 17 45 47 47 25 35 21 35 21 35 21
- 31 41 40 34
+ 4 43 37 42 1 4 37 42 1 9 49 45
- 14 0 0 43 23 37 7 17 15 0
+ 7
+ 9 38 47 43 40 22 15 34 49 15 19
+ 
+ 
- 7 43
- 9 49 17 48 41 11 16 19
- 39 31 41 34
+ 9 17 45 25 19 15 37 9 37 17 19 15 37 9 37 9 37 17 19 10 17 19 15 37 17 19 10 23 37 9 37 23 37
+ 14 17 2 7 16 31 6 6 7 16 19
+ 
- 18 20 13
- 31 42 39 46 1 7 14
- 40 14 6 0 19
+ 7
- 38 30 13 41 22
- 2 9 49 0 0 10 45 47 29
- 4 43 37 42 47 4
- 4 37 42 13 16
- 9 49 41 26 16 6 7 16 31 48 11 13 43
- 49 10 20
- 9 17 33 13 47 22 40 12 43
- 0 39
- 4 18 16 37 41 34
- 31 19 41 6
- 5 19 22 28 14
- 33 42 1 31 41 36
+ 14 39 13 43 2 49 39 13 12 39 13 7
- 35 11 41
- 43 26 25 43 43 47 37 35 41 34
- 1 4 20 19 0 19 34
- 14 39 47 43 7
+ 31 42 1 4 43 37 42 1 14 45 47 25 35 21 19 10 9 37 9 37 17 35 21
+ 9 20 41 40 20 13 45 13 45 41 34
- 43 41 40 49 17 11
- 14 39 13 17 2 11
- 7 40 20 45 49 18
+ 
+ 31 42 1 7 41 40 20 13 45
+ 31 42 1 14 41 7 32 44 31 16 16 37 31 37 31 16 16 16 37 44 44
- 31 42 1 44 48 14 35
- 29 10 42 7
+ 
+ 14 41 7 16 12 8 27 8 20
- 7 6 5 13 31 8 13 45 13 45 22
+ 9 49 17 6 12 8 8 20 32
+ 4 37 42 1 4 43 43 43 37 42 1 16
+ 
+ 14 41 7
- 4 37 32 41 34
- 40 14 6 0 19
- 16 22
- 37 24 20 7 22
- 1 21 40 48 45 25 36 19
+ 14 41 11 16 12
- 46 35 13 49 45 29
+ 9 20 41 40 38 22 38
- 7 40 38 21 11 42 31 29 7 32
- 28 13
+ 4 43 43 37 41 34
- 4 32 43 43 37 41 34
+ 
- 4 43 37 21 42 16
- 1 29 45
- 16 22 0 40 7
+ 
- 2 13
+ 
+ 9 49 39 13 47 12 39 13 22
- 4 37 42 1 7 41 40 41
- 28 49
- 25 42 1 14 41
+ 7 13 45 41 40 49 17 48 13 17 6 6 7 32 31 16
+ 7 41 40 17 17 6 6 11
- 10 16 22
- 9 17 5 13
- 31 46 42 1 14 41 7 19
+ 
- 27 14 45 47 29
+ 9 38 47 47 12 17 6 31 6 12 8 8
- 3 16
+ 7
+ 31 42 1 31 42 1 14 0 38
- 9 8 5 0 41 39
- 38 31 7
- 5 4 41 35
+ 9 20 41
+ 9 49 17 48 13 39 13 22 40 7
- 31 42 1 31 16 41 34
+ 4 37 42 1 7 41 34
- 47 39 10
+ 14 0 15 36 37 41 41 30 19
+ 7
+ 9 20 13 45 41 40 49 41 7
- 1 39 30
- 31 5 42 3 39
- 45 14 31 32
- 29 31 41 31 35 8
- 32 38
+ 31 42 1 31 42 1 14 41
- 4 43 37 42 22 7 41 18 13 45 41 18 13 41 18 41 18 41 18 45 22
- 14 39 16 22 18 32
- 6 2 40
- 9 17 39 13 12 0 43 15 38 12 39 13 43 40 7
- 4 37 41 39 34
+ 
+ 
- 24 42 42 16
- 14 17 12 12 10 16 19
+ 
+ 14 39 13 43 2 49 17 2
- 31 1 7 9 43
+ 4 43 43 37 41 34
- 14 39 6 43 40 47 22 0 24 17 6 6 12 10 0
- 14 39 13 14
+ 
- 37 49 22
+ 
- 37 36
+ 7 13 45 13 45 41 40 38
- 37 48 40 45 47 29
+ 14 41 7 32 44 31 16 37 31 37
+ 31 42 1 4
- 31 42 49
- 14 47 49
+ 
+ 7
+ 14 0 0 17 26 45 47 47 25 19 10 23 37 17 35 21 19 10 17 19 15 37 23 37 9 37 23 37 23 37 17 35 21 35 21 19 10 23 37 9 37
- 40 1 4 17
- 0 14 16
+ 9 38 47 12 39 13 47 22 43 45 17
- 31 32 16 1
+ 4 43 43 43 37 42 1 31 42 1 9 38 43 2 20 41 18 41 18
+ 
- 22 4 43 43 42 44 42 1
- 38 12 41 7
+ 31 42 1 14 0 40 47 22 43 45 17 45 29
- 30 40 43 43 9 41 34
+ 4 43 43 37 41 34
+ 14 39 13 12 45 47 47 25 19 10 9 37 17
+ 4 43 43 43 37 41 34
+ 4 37 42 1 9 20 41
- 24 41 40 20 41 18 22
+ 9 38 22 2 20 22
+ 14 41 7 32 44 31 16
- 29 43 43
- 29 39 24
+ 4 43 43 43 37 42 1 9 49 39 13 22 38
- 38 9 5 25 43
- 9 17 17 19 48 13 43
+ 14 17 2 11 16 19
- 38 30 13 41 22
+ 9 38 43 0 24 17 6 19
- 9 17 41 16 31 2 7 32 44
+ 14 41 7 32 44 31 16 37 31 37
- 0 42 48
+ 4 37 42 1 7 41 34
- 4 37 32 41 34
- 9 49 17 48 41 11 16 19
- 46 35 13 49 45 29
- 4 43 19 42 1 9 1 49 41
- 14 41 11 32 44 34 31 37 31 37 31 16 16 16
+ 
+ 9 20 13 45 41 34
+ 
- 5 41 11
- 18 39 38 46 3 31
- 43 1 42
- 9 24 4
+ 9 17 41 7 32 44 44 44
+ 9 20 13 45 41 34
- 34 7 31 42 13 1 1
+ 
- 31 19 34
- 9 10 0 43 43 7 38 12 39 28 21 41
- 4 48 43 43 43 43 37 5 34
- 9 49 17 38 36 13 47
- 45 14 31 32
- 6 2 23 37 31 1
