+ 12 26
- 36 9 3 11 17 20 34 20 20 20 10 12 34 20
+ 12 9 41 30
+ 13 15 22 49
+ 36 25 3 11 20 20
+ 23 3 16 41 37 48
- 36 40 40 19
+ 27 37 13 13 37 13 37 33 7
- 4 37 33
+ 12 9 1 16 26 19 18 0
- 12 26 42 17 4 22 36 36 10 14
- 23 3 11 17 20 17 17 34 7 34 17 9 22
+ 27 13 13 37 33 7
+ 13 46 47 27 13 33
- 12 26 13 30 28 27 30 43 43 23 41 13 46 47 27 36 13 17 25 18 35 13 39 48 17 49 9 27
- 40 5 49 27
- 12 26 19 18 23 27
- 26 33 25
- 22 37 15 28 6
+ 12 26 13 30 28 27 30 48
- 39 36
+ 13 27 13 46 48
- 2 1 37 37 37 13 37 13 37 37 37 37 37 13 5 37 13 33 7
+ 36 40 40 40 40 25 3 47 16 1 16 9 1 8
+ 12 26
- 28 32 27
- 27 13 33 15
+ 12 26
+ 12 26 17 17 18 34 27 49
+ 12 9 49 8 28 39 9 49 18 33
+ 13 21 26 19 18 0 13 39 48 47 30 15 34 24 36
- 12 18
- 15 41 21 46 13 15 25 16 24
+ 13 43 30 28 27 14 15 49
+ 12 9 41 22 46 26 9 1 13
- 27 2
+ 22 37 13 33 7
+ 13 35 19 18 27 0 13 37 16 32
+ 12 48 43 27 27 27 27
+ 23 16 26 19 18 27 0 13 30 18 22 36 35 19 18 0 17 43 27
- 22 37 22 7
- 47 40 16
+ 13 40 19 18 0 13 39 9 49
- 26 46 41 38
+ 36 40 25
- 44 33 7
- 32 22 7 13 12 38 7
- 2 23 3 27
+ 13 21 26 19 18 0 13 39 48 47 30 15 34 24 36
+ 23 27
- 22 16 4
+ 13 27 13 23 41 46 26 26 13 37 48
+ 13 21 9 1 36 25 13
- 8 6 48
- 36 40 25 1
- 13 30 40 19 27 0 13 41 37 48
+ 36 25 8
- 26 36 25 5
- 10 35 37 28 13 33
+ 23 36 40 25 3 16 1 36 40 25 8
+ 12 9 41 46 48 37 48
+ 13 27 36 39
- 23 22 49 28 48
+ 12 26 46 1 16 9 41 46 48 46 43 22 36 43 39 9 1 36 25 13
+ 22 37 13 33 7
- 36 40 40 41 25 30 43 13
+ 36 25 3 16 1 27
- 30 21 23 46
+ 13 26 6 30 28 13 43 43 33
+ 12 48 43 0 46 49 8 1 49
+ 12 9 41 30 18 46 27
- 12 26 18 0 30 22 13 38 48
- 12 9 1 4 16 29 48 47 33 0 33
+ 23 3 16 49
- 33 37 7
+ 23 27
- 34 37 34 23 37 13 13 12 13 37 13 33 7
- 23 27 15 40 7
- 40 12 9 41 38 18 40 19 18
+ 36 25 36 40 40 25 13
+ 12 9 49 18 22
+ 36 40 40 40 40 25 8
- 44 36 40 25
+ 36 40 40 25 3 11 20 17 20 17 20 34 20
- 23 7 18 17 47 16 49 8
- 46 33 7
- 38 29
- 25 16 9 49 18 23 36 15 36
+ 12 26
- 36 25 36 40 45 40 40 24 40 25 20 40 25 27
+ 12 26 17 47 10 27 16 49 8
- 12 26 19 18 30 0 46 1 27
- 27 45 13 37 13 33 7
- 3 44 36 46 11 25
- 20 43
- 49 12 26 46 1 13
- 24 24 40 31 7
+ 12 48 43 27 27 27 27 0 19 18 27 0 13 30 18 33
- 17 44
- 13 43 46 32
- 23 22 36 36 39 16 8
+ 36 40 25 36 40 40 40 25 13
- 25 12 2 13 30 18 17 25 23
- 13 43 39 25
- 22 33 5 16
+ 36 40 25 36 40 25
- 37 19
- 36 40 8
- 36 19 25 16 48 15 43 0
+ 13 43 22 46 47 26 6 39 48 43 27 0 13 37 27 30 43 43 48
- 23 3 47 8 16 22 1 13
+ 23 16 48 43 27 0 46 49 8 28 22 43 30 8 1 41 37 43 48 38 17 25 22 36 26 9
+ 12 9 49 28 16 6 30 18 33
- 14 34 26 33 7
- 22 28 37 2 43 33 7
- 22 22 13 13 37 37 13 13 33 7
+ 13 46 47 35
- 30 45 36 25
- 9 45 12 48 13 38 22 41 11 24
- 22 37 0 2
+ 12 26 19 18 27 27 0 17 17 0 30 3 43 27 27 27 0 13 37 13 16 6 30 28 16 9
- 43 39 18 0 17 49
+ 13 21 48 17 3
- 36 44 36 45 40 40 40 25
+ 13 40 13 46 35 26 30 43 48 22 21 26 19 18 27
+ 23 3 11 17 34
- 25 27
+ 12 9 41 30 8 28 38 17 25 46 43 23
+ 12 48 47 10 27 16 3 27 39 1
- 40 47 37
+ 23 16 26 13 37 43 35 26 36 46 13
+ 36 40 40 25 8
- 35 36
- 4 22 37 37 7
- 22 17 13
- 47 45 7
+ 13 40 46 41 39 48 43 0 17 47 49 27 49 27 49 27 49
- 26 46 49 18 23 36 7 30 46 10 10
+ 13 26 6 30 8 46 10
- 13 46 47 46 26 9 49 18 23 36 43 22 21 9 41 39 9 1 16 9 1 3 16 41 22 26 13 38 34 22 24 26 9 49 37 23 41 27 29 37 48
+ 13 11 24
+ 23 36 40 25 16 48 43
+ 13 28 31 1
+ 12 48 43 27 0 13 37 48
+ 12 26 46 41 39 9 49 28
- 46 47 35 17 43 27
+ 22 37 13 13 37 33 7
- 47 26 46 49 45 43 49 45 23 1 36
+ 23 27
- 49 42
+ 36 25 16 9 41 37 16
- 36 28 25
- 37 13 34 33 7
- 13 40 17 47 16 39 13 19
- 36 40 40 6 25 36 25 13
+ 27 13 13 37 37 33 7
- 12 48 5 49 27 49 27 33 49
- 23 27 15 40 7
+ 36 40 25 3 11 20 20 17 20
+ 13 26 26 43 45 35 6 39 9 49 18 39
+ 13 43 30 28 27 14 15 49
- 13 25 20
- 23 9 41 22 11
- 36 32 16 48 3
+ 12 48 43 27 27 0 17 17 3
+ 23 3 47 47 16 49
- 36 25 16 9 41 46 43 23 41 21 9 41 22 48 47 49 27 49 27 49
+ 13 11 24
- 42 33
+ 23 16 9 49 8 1 41 39 26 19 18 27 0 13 39 48 43 0 19 18
- 24 5 22
- 45 25 3 16
- 36 25 16 48 27 27 20 18 0 46 41 37 25 26 48
- 13 35 30 13 47 26
- 17 44 27 30 18 39
- 22 0 13 37 17 41 37 37 13 33 7
+ 27 13 13 37 37 33 7
- 36 40 26 17 23 38 13 43
- 23 23 30 25 36 25 13
- 22 13 35 7
+ 13 43 37 16 32
+ 23 27
+ 23 16 9 1 16 48 17 49
+ 12 48 43 0 13 46 49 49 35
+ 13 40 46 1 36 25 44
- 2 12 26 41 30 46 28 13 48 47 34
- 18 22 37 33 7
+ 23 16 9 41 30 8 46
- 34 13 27 37 36 14 28 10
+ 12 9 41 37 27 36 39 28 43 45 48 38 48
+ 36 25 44
+ 36 40 25 36 25 3 11 17 20 17 17
- 34 27 15 31 37 13 37 21 37 37 33 7
- 4 3 16 28 7 13
+ 36 25 44
+ 22 13 13 13 13 37 33 7
+ 36 40 25 3 16 1 8
- 2 1 37 37 37 13 37 13 37 37 37 37 37 13 5 37 13 33 7
+ 36 25 16 26 19 18 27 27 27 27 27 0 19 18 0 46 49 18 18 26 32
+ 36 40 40 40 40 25 3 11 34 20
- 23 4 13
+ 12 9 49 28 16 6 30 18 33
- 23 7 30
- 8 12 26 19 18 0 38 47 33 0 10
- 4 12 26
+ 13 15 49
- 13 13 46 49 23 9 11
+ 36 40 25 3 16 1 16 26 17 47 10 27 10
+ 36 40 40 40 25 16 26 13 22 11 24
- 40 25 19
+ 13 35 13 37 13 16 9
- 27 15 33 3
+ 12 26 46 49 18 39 28 16 26 13 39 8 46
+ 36 25 16 26 19 18
+ 36 25 44
- 23 9 41 21 21 9 49 8 46 10 10 10
- 17 42
- 12 23 48 14 47 39 1
+ 23 3 47 11 20 17
- 13 26 39 9 37 8
+ 12 9 41 46 23 43 30 8 46
- 27 12
+ 36 40 40 40 40 25 36 40 25 3 16 41 39 9 49 8 28 39 26 19 18 0
- 22 32 13 13 13 37 13 13 40 7
- 27 12 12 13 13 14 33 7
- 13 42 3
+ 13 15 49
- 36 25 25 37 1 44
+ 12 26
- 27 37 19 7
- 21 26 28 13 41 29 16 9
+ 23 3 11 34 17 17 20 17
- 13 20 46 49 6 46 27 43 22
- 22 23 7
- 4 25 21
- 42 43 18
+ 23 27
- 13 44 5
+ 23 16 48 17 0 30
- 27 47 33 45
+ 13 46 26 26 46 41 22 15 49
+ 12 9 41 37 43 48 22 15 49
+ 12 26 46 49 8 1 49
- 2 3 33 17 47
- 4 26 6 30 8 1 41 46 23 46 47 21 9 41 46 35 5 26 30 13
+ 36 25 44
- 12 26 19 18 0 18 0
- 22 37 9 13 13 33 39 7
- 27 17 12 7
- 23 7 18 17 47 16 49 8
+ 13 21 26 13 37 43 35 6 22 46 47 27 30 27 29 17 25 46 27 43 35 6 30 8 28 30
+ 36 25 44
+ 27 13 13 37 13 13 13 33 7
- 23 36 25 35
- 3 24
+ 22 13 13 13 33 7
- 27 37 13 13 33 2 7
+ 23 27
- 13 24
- 23 36 45 25 27
- 33 27 33
- 12 15 22
- 20 20 29 3 11
+ 12 9 41 46 35 26 43 43 33
- 12 19
+ 36 25 16 26 17 47 30 27 34 30 10 33 7
+ 12 26 13 39 26 17 17 18 34
- 9 41 41 22
- 36 40 40 40 40 40 40 25 28 44
- 22 37 11 13 33 7
+ 36 25 44
+ 36 40 25 36 40 25 27
+ 36 25 3 16 41 37
+ 23 16 26 19 18 27 0
- 36 34 40 11 44
- 13 14 26
- 22 33 23 7
- 37 43 39 48 47 9 49 27 49 27 49 27 49 27 49 27 49 27 31 27 49 27 49 27 49 27 49
- 46 33 7
+ 12 48 17 0 30 34 27 39 1
- 45 45
+ 23 3 16 1 36 40 40 25 36 40 40 40 40 25
- 33 46
- 46 33
- 27 37 37 13 42 13 33
- 33 37 7
+ 12 48 17 3 27 16 0 30 3 17 4 10 14
+ 36 25 44
- 39 27 33 7
+ 12 26 17 47 10 27 16 49 8
- 22 13 13 37 37 37 37 33
- 36 25 6 16 41 22 22
+ 27 37 13 13 13 37 33 7
+ 12 48 47 30 27 34 30 10 7
- 48 0
+ 12 48 43 0 19 18 0 13 30
+ 13 27 13 46 43 49
+ 13 27 13 23 41 46 26 26 13 37 48
- 16 4 25
- 27 36 40 40 33 40 25 36 27 25 30 27
+ 36 25 8
+ 13 28 10 41 28 31 42 22
- 41 33 26 44
- 36 25 29
- 2 3 33 17 47
+ 12 26 17 43 27 0 46 41 39 9 41 38 48
- 28 34 19 18 0 17 43 42 0 13 39 26 13 38 30 28 43 35
- 24 26 35
- 37 13 34 33 7
- 10 37 33
+ 13 15 49
+ 12 48 43 0 46 49 8 28 22 15 36 24
- 15 23 26 27
+ 13 46 26 26 46 41 22 15 49
+ 12 26 17 43 27 0 46 41 39 9 41 38 48
- 45 33 7 33
- 9 33 33 23
+ 13 40 17 47 33
- 22 42 13 13 13 33 7
- 27 37 37 37 37 13 7
- 22 18 33
+ 36 40 25 36 40 25 36 40 25 8
- 42 33
+ 12 26 13 30 8 1 49 28 43 45 23 21 26 13 46 23 35 19 18 0 19 18 27 0 17 47 49 27 49 27 49 27 49 27 49 27 49
+ 13 35 46 49 28 48
- 10 3
- 15
- 36 36 5 36 25 3
- 27 17 44
+ 13 22 24 47 43 38 17 25 18 35 13 30 18 33
- 23 39 12 48 25
+ 13 15 49
+ 12 9 41 39 9 41 37 48
+ 23 3 11 34 17 17 20 17
- 21 13 10 13 30 13 13 13 33 7
- 23 28
- 36 40 8
- 9
- 23 7
+ 36 25 36 40 40 40 40 25
- 3 22
+ 13 21 9 49 28 16 9
- 27 29 37 47 27 30 33 7
+ 36 25 36 25 16 48 17 18 39 39 33
- 36 48 6 25 30
- 22 11 6 5 33 7
- 27 13 10 7
- 22 37 37 37 37 37 16 13 13 37 13 33 7
+ 27 13 37 13 13 37 33 7
+ 27 13 13 33 7
+ 13 22 24 26 26 46 49 8 28 30 28
+ 12 48 47 16 3 27 33
- 13 49 11 24
- 13 13 13 37 37 13 7 7
+ 27 13 13 37 33 7
- 3 1 11 34 17 17 34 20 17
+ 36 25 8
+ 13 40 46 1 36 25 36 25 13
- 12 48 7 27 27 0 42 49
- 22 13 37 33 23
- 22 13 1
+ 22 37 37 13 37 13 37 13 37 37 33 7
+ 23 3 11 20
+ 23 3 16 41 37
- 12 40 25 14 40 25 36 21 35 40 40 40 25 31 11
+ 12 48 43 27 27 0 13 46 48 37 43 49 48 22 46 26 26 19 18
- 40 45
- 15
+ 13 40 17 43 27 0 17 43
+ 13 43 38 23 36 35 17 47 16 39 34 30 39 39 10 37 29 29 29 29 29
+ 36 40 40 25 16 26 19 18 27
+ 12 26 46 49 8 28 37 27 30 13
- 22 22 13 13 37 37 13 13 33 7
+ 12 48 43 27 27 0 17 17 3
+ 13 27 29 39 28 27
+ 23 3 47 47 16 49
- 36 25 16 41 0 30 28 22 11 24
+ 22 37 37 13 13 13 37 13 13 37 37 33 7
+ 12 9 1
+ 36 40 25 36 40 40 40 25 13
+ 27 13 13 33 7
- 23 36 7 25 21 9 41 30 8 28 22 43 20 11 24
- 40 25 19
- 36 9 3 11 17 20 34 20 20 20 10 12 34 20
- 13 2 36
+ 13 46 47 27 36 18 43 30
+ 36 25 8
+ 22 13 13 13 33 7
+ 23 16 48 43 27 0 46 49 8 28 22 43 30 8 1 41 37 43 48 38 17 25 22 36 26 9
- 12 1 9 26 18
- 22 37 37 36 37 33 7
+ 13 35 13 46 35 26 14 27 29 17 25 48
- 2 36 13 13 13 7
- 28 12 41 9 1 44
+ 12 48 47 16 39 10 37
+ 12 9 41 30
+ 36 40 25 36 25 16 9 49
- 16 28 19 41 27 0 19 18
+ 12 26 17 17 18 39 4 10 10 10 10 22 36 10 10 22 36 22 36 22 36 10 14
+ 13 40 46 41 39 48 43 0 17 47 49 27 49 27 49 27 49
+ 12 9 41 22 22 24 47 43 37
- 12 40 25 14 40 25 36 21 35 40 40 40 25 31 11
+ 23 16 48 17 0 30
- 12 43
+ 13 27 14
+ 36 25 3 11 20 20 17
+ 36 40 25 36 25
- 42 23
- 9 13
- 27 33 29
+ 12 9 1 36 40 40 40 40 25 8
+ 13 27 13 46 48
- 43 38 27 33 7
+ 12 9 41 46 45 35 26 36 46 43 48 39 48 47 49
+ 23 36 40 25 36 25 36 40 40 25
- 27 21 7
+ 36 40 25 16 48 43 0 19 18 27 0 13 39 26 19 18 0 13 38 39 8 28 37 48
+ 23 3 16 49 18 18 35 19 18
- 37 1 16 29 46 1 12 27
+ 23 16 26 46 41 30 28 43 43 17 25 22 41 28 31 42
+ 12 48 47 30 27 8
- 49 16 25
- 4 36
- 36 24
- 13 21 11 9 1
- 27 37 37 37 13 7
- 23 16 9 41 36 45 21 35 47 22 21 26 46 1 8
+ 23 3 16 49 18 18 35 19 18
+ 36 40 25
- 11 40 25 3
+ 23 16 26 46 41 30 8 46 10 10 10 10
+ 13 43 37 27
- 36 40 40 27 25 44
+ 12 9 49 28 27 29 46 43 23 40 19 18 27 0 13 39 9 49 8 28 22 28 10 41 22 24
+ 13 28 10 41 28 31 42 22
+ 36 25 8
+ 23 3 11 34 17 34 20 17 34 17 20 20 34 34 20 20 34 17 34 20 17 20 17 20 17 34 17 17 20 20 17 20 34
- 12 26 46 8 6 26
+ 23 36 25 3 47 16 41 39 48 47 49 27 49
+ 13 22 24 26 48 43 0 13 22 15 22 36 24
- 36 19 25 16 48 15 43 0
- 11 6
- 4 22 37 37 7
+ 36 40 40 25 16 26 17 17 49 43 39 1 0 16 49 8
+ 36 25 16 9 41 37 16
+ 13 35 46 1 3
- 27 13 33 15
+ 13 46 26 9 1 3 47
- 27 24 33 7
- 36 40 24 15 35 25 44
+ 22 37 13 33 7
+ 13 22 24 47 22 24 47 46 26 9 41 22 28 10 41 11 24
- 41 27 22
- 44 37 33 25
+ 12 9 41 37 27 36 39 28 43 45 48 38 48
- 15
+ 23 3 16 49 8 28 38 23 36 21 48 47 30 10 33 8
+ 13 27 43 43 17 25 18 46 26 9 41 46 23 35 17 43
- 22 37 46 40 7
+ 13 35 46 49 8 1 1 3 47 16 49 18 39 18 46 27 14 43 30 8 1 41 38 17 25 17 25 48
- 12 9 49 48
- 48 8
- 49 22 37 6 7
+ 23 27
+ 13 40 17 17 49 8 27 2
- 23 16 23 8 9 41 38 22 41 21 9 49 28 43 48 38 33
- 32 36 40 40
- 22 13 1
+ 23 27
- 22 37 33 12 7
+ 23 16 48 47 2 27 49 27 49
- 26 17 40 37 17
- 26 33 25
+ 22 37 13 33 7
+ 23 16 48 17 39 10 37
+ 23 16 26 13 38 23 41 40 46 41 30 18 22 5
- 38 18 33
- 23 32 14 25 3 19 27
- 13 9
+ 12 9 41 37 27 13 18 11 24
- 36 44 40 25 44
- 15 42
- 23 3 1 11 17 20 20 34 34 20 17 17 34 20 33 20 34 14 34 34 17
+ 36 25 16 26 46 49 8 46
- 22 13 13 37 26 26 33 7
- 22 8 39 33 7
- 21 36 10 40 40 40 40 25 16 46 13 22 22
+ 13 11 24
- 43 36 40 44
- 22 37 11 13 33 7
+ 23 27
- 27 10 33 47 33 22
- 12 26 0 17 47 44 33
- 16 9 49
+ 12 26
+ 22 37 13 37 37 33 7
- 13 8 22 24 26 13 43 8 13 39 48 17 49 9
+ 13 11 24
- 12 26 37 13 27 36 46 6
- 18 33
- 22 13 13
- 40 6 40 25 40
+ 27 37 13 13 13 37 37 13 33 7
- 12 26 19 18 23 27
+ 22 37 37 13 37 13 37 13 37 37 33 7
+ 13 22 24 26 48 43 0 13 22 15 22 36 24
- 12 26 19 4 47 0 18 18
+ 13 22 24 47 40 17 43 27 27 0 13 22 22
+ 22 37 13 33 7
- 47 26 46 49 45 43 49 45 23 1 36
- 33 1 12 27
- 13 12 26 19 26 18 27
- 28 33 7
+ 23 3 16 1 36 25 44
+ 12 9 41 37 13 13 13 43 23 11 24
+ 12 26 46 49 18 39 28 16 26 13 39 8 46
- 22 13 24 13 27 7
+ 27 13 13 13 37 13 37 37 13 13 37 33 7
- 31 45 10
+ 12 48 47 2 27 49 27 49
- 22 11 6 5 33 7
+ 27 13 13 13 13 13 37 37 13 33 7
- 12 44 24 26 19 7
- 36 22 40 40 40 40 25 16 26 13 37 16 26 39 20 33
- 27 37 0 38 37 37 37 13 33 7
- 16 4 25
+ 12 9 49 18 46 27 36 17 25 33
- 36 25 6 16 41 22 22
+ 27 13 13 33 7
- 35 36
- 45 31 33
+ 23 27
+ 36 25 3 11 17 17 17 17
- 13 15 21 48 43 27 27
- 19 27 13 33 7
+ 13 26 6 38 39
- 47 11 13
- 34 13 27 37 36 14 28 10
- 36 40 40 25 8 27
- 12 26 24 17 4 22 30 10 14
+ 36 25 16 48 47 16 49 43 10
- 18 10
- 12 49 48 47 5 18 39 49 9 4
- 48 13 35 13 37 48
- 23 16 9 41 36 45 21 35 47 22 21 26 46 1 8
- 23 3 16 5 41 30 18 23 5
+ 36 25 3 11 20 20 17
+ 13 26 6 39 26 13 30
+ 13 21 26 13 39 9 41 30 28 27 43
- 13 27 42 48
- 27 33 10
- 27 33 23 5 15
- 22 26 37 14 37 37 33 31
- 13 22 41 24 47 21 48 17 18 3 43 21 0 11 18 0 19 18 27 27
+ 12 48 47 30 27 34 30 10 7
+ 12 26 19 18 27 27 0 17 47 30 15 33 8
+ 36 25 36 40 40 25 13
- 15 42
- 20 17 39
+ 12 48 17 4 10 10 10 14
- 22 0 13 37 17 41 37 37 13 33 7
+ 12 26 19 18 27 0 46 1 3 11
- 37 43 39 48 47 9 49 27 49 27 49 27 49 27 49 27 49 27 31 27 49 27 49 27 49 27 49
- 36 40 25 16 48 17 0 49 30 39 4 14
- 22 13 33 18 22 7
- 13 47 26 19 18 27 21 13 38 46 13 43 35
+ 13 28 10 41 46 47 21 26 17 43
- 27 16 33 7
- 4 19 18 8 0
+ 22 13 13 13 13 37 33 7
- 12 4 48 46 35 5 0 46 49 18 39 8 28 37 39 13 7 27 29 18
- 13 21 48 3
- 43 1
+ 23 27
+ 12 48 47 30 10 34 30
+ 36 25 16 48 43 0 17 47 2 27 49
- 1 25 6 8
+ 13 35 46 41 30
- 13 27 42 48
- 5 8 13 28 30 10 3 36 28
+ 36 40 40 25 36 25 27
+ 36 25 3 11 34 34 17 20 20
- 13 14 46 47 43 46 48 46 43 18 28 31 12
- 27 24 37 27 13 37 17 35 33 7
+ 12 26 13 30 18 23 5
- 36 40 40 6 25 36 25 13
- 30 5
+ 12 26
- 23 46 4 11 21
- 23 5 36 27
- 23 4 20 34
- 27 29 37 47 27 30 33 7
+ 12 48 43 0 46 41 30 28 13 48
+ 13 11 24
+ 12 48 43 0 17 47 49 27 49 27 49 27 49 27 49 27 49
- 12 18 0 19 18 0 19 18 35 0 19 18
- 38 22 24 31 48 47 49 27 49 27 49 27 49 27 49 27 49 27 49
- 10 47
+ 27 13 37 37 13 37 37 37 33 7
- 22 16 33 7
- 34 44 37 37 37 13 37 13 33 7
+ 12 26 19 18 27 0 17 17 18 39 39 34 39
- 13 35 13 37 13 33 36
+ 23 16 26 13 46 49
+ 22 37 13 33 7
- 36 36 40 25 27
+ 36 25 36 40 40 25 36 40 25 36 40 40 40 25 8
+ 12 26 13 39 48 17 39 10 19
- 6 12 48 0 17 17 23 36 10 22 36 22 36 22 36 14
- 21 25
+ 36 25 36 40 40 40 40 25
+ 12 48 17 3 27 16 49 43 30 15 7
+ 12 9 41 22
+ 23 3 16 49 28 27 29 22 36 11
+ 36 25 3 11 34 34 17 20 20
- 44 36 40 40 40 40 40 40 25 36 40 25 31 13
- 27 46 37 33 21 10 7
- 26 46 49 18 23 36 7 30 46 10 10
+ 13 40 13 46 35 26 30 43 48 22 21 26 19 18 27
+ 36 25 44
- 22 13 13
- 13 9
+ 13 26 26 43
- 42 5 23 13
+ 12 9 49 8 1 49 8
- 33 12 30 6 40 18 0
- 13 28 35 23 45 42 45
- 13 14 26
+ 12 9 41 30 28 16 9
+ 13 40 17 17 49 8 27 2
- 27 37 37 13 37 37 41 37 33 7
- 25 12 2 13 30 18 17 25 23
- 19 22 33 10
- 47 45 7
+ 36 25 44
+ 12 26
- 8 32 7
- 21 31 22 27 36 23 11 27 36 22 17 27 36 33
- 29 40 1 25 34 6 27
- 23 3 47 8 16 22 1 13
+ 12 26 13 30 8 1 49 28 43 45 23 21 26 13 46 23 35 19 18 0 19 18 27 0 17 47 49 27 49 27 49 27 49 27 49 27 49
+ 12 26 46 41 39 9 49 28
- 9
+ 23 27
+ 13 35 17 47 39 1 0 2
- 36 25 48 17 49 43 33 0 16 31 41
- 13 30 40 19 27 0 13 41 37 48
+ 13 15 22 36 24
+ 12 26
- 27 12 12 13 13 14 33 7
+ 12 48 17 0 0
- 12 41 22 15 36 24
- 12 48 17 39 12
- 12 41 22 15 36 24
- 12 9 41 46 43 22 36 15 24
- 17 44
- 22 28 37 2 43 33 7
+ 13 46 47 35
+ 13 43 46 43 23 41 43 22 27 14 21 48 47 10
- 40 47 37
- 36 40 27 40 40 25 36 15 25 16 48 17 0 39 48 15 47 48 44 47 22 15 48 47
+ 23 16 48 17 39 10 37
- 27 37 1 13 13 13 29 33 30
- 43 36 40 44
+ 12 48 47 30 27 8
- 12 9 41 39 9 16 49 28
+ 23 27
- 19 4 38
+ 23 16 26 13 46 49 23 46
- 40 40 40 32 0
+ 36 40 40 40 40 40 40 40 25 16 26 13 38 48
- 10 31 13 35 19 18 27 13 38 46
+ 13 28 10 41 46 47 21 26 17 43
- 22 13 3 33 34
+ 12 26 13 46 35 32
- 3 12 25 8
- 12 24
+ 12 9 41 22 46 47
- 43 36 40 34 25 29 38 44
- 3 44 36 46 11 25
- 23 28
- 33 31 9 8
+ 23 3 16 41 22 22
+ 36 25 44
+ 12 9 49 8 28 39 9 49 18 33
+ 13 22 24 26 9 41 38 17 25 23
+ 12 48 47 2 27 49 27 49
+ 13 35 46 1 27
- 27 49 37 7
- 36 40 25 21 8
+ 13 26 6 46 45 49 35 9
+ 36 40 40 25 36 40 40 40 40 25 8
- 44 48 47 26 1 0 49 27 49
- 31 27 15 33 7
- 36 25 12 26 41 40 13
- 19 4 38
- 24 26 35
+ 23 27
+ 12 9 49 8 28 46 35 6 38 23 36 35
- 22 3 41
+ 27 13 37 13 13 37 33 7
+ 36 25 16 48 17 4 22 36 14
+ 12 26 17 17 18 34 27 49
+ 13 27 43 45 35 32
+ 27 13 37 13 37 37 13 13 37 33 7
- 40 45
+ 12 26 46 49 28 27 29 22 5
- 41 22 33 11
- 27 21 33
- 22 37 33 33 7
- 27 13 22 38 33
- 12 48 15 43 27 0 18 27 0 46 1 16 9 49
- 13 21 26 19 18 27 27 27 0 46 9 28 27 30 13 43 49 48 38 17 25 17 25 23 5
+ 23 16 26 13 46 49 23 46
+ 12 48 43 0 46 41 38 48
+ 36 40 25 36 25 3 11 17 20 17 17
- 13 14 46 47 43 46 48 46 43 18 28 31 12
- 13 8 22 24 26 13 43 8 13 39 48 17 49 9
+ 12 48 43 27 27 27 27
- 6 25 13
+ 12 9 49 18 23 41 27
- 3 16
- 27 37 0 38 37 37 37 13 33 7
- 43 1
- 27 33 23 5 15
- 49 14 12 32 19 19 23
+ 13 21 48 17 3
+ 13 11 24
+ 23 3 11 34 17 34 20 17 34 17 20 20 34 34 20 20 34 17 34 20 17 20 17 20 17 34 17 17 20 20 17 20 34
- 13 22 49
- 40 27
+ 22 37 37 37 37 37 13 33 7
+ 36 40 25 16 48 43 0 19 18 27 0 13 39 26 19 18 0 13 38 39 8 28 37 48
- 36 40 27 40 40 25 36 15 25 16 48 17 0 39 48 15 47 48 44 47 22 15 48 47
- 29 22 11
- 12 41 30 6 8 1 44 49 8 28 22 35
+ 13 26 6 30 28 13 43 43 33
- 12 43
- 13 44 5
- 44 23
- 44 35 13 39 9 1 13
+ 12 48 47 39 1 0 39
- 27 37 13 13 33 22 7
+ 13 11 24
- 47 13
- 23 9 41 21 21 9 49 8 46 10 10 10
+ 12 48 17 0 30 34 27 39 1
+ 12 48 43 0 46 41 46 43 33
- 3 12 25 8
- 23 7 30
- 9 22 37 3 43 7
- 22 37 37 36 37 33 7
+ 36 25 16 48 43 0 46 1 13
+ 36 40 40 25 8
+ 13 35 46 1 27
+ 13 21 26 19 18 0 13 46 23 43 30 18 46 43
- 17 0
+ 13 43 46 35 26 30 13 43 23 21 26
+ 12 48 47 2
+ 13 28 10 41 35 19 18 0 17 43
- 22 20 13 40 33 16
- 27 37 1 13 13 13 29 33 30
+ 23 36 25 3 16 41 22 21 26 46 1 36 25 13
- 21 26 6 46 48 38 46 48
- 28 12 41 9 1 44
+ 13 35 13 38 39 18 33
+ 13 27 30 43 43 46 27 36 33
+ 36 40 40 40 40 25 3 47 16 1 16 9 1 8
- 36 40 40 25 8 27
- 13 21 9 49 12 8 28 18
- 8 13 1
- 27 13
- 12 44 24 26 19 7
+ 36 25 16 48 17 4 22 36 14
- 35 12 26
+ 12 9 49 18 23 41 27
- 27 13 36 13 37 13 13 13 37 33 7
- 5 8 13 28 30 10 3 36 28
- 22 9 22 41 0 13 22 40
+ 36 25 44
+ 22 37 13 33 7
- 22 26 37 14 37 37 33 31
+ 12 9 41 46 43 39 28 27 13 23 36 40 19 18 27 0 13 37 48
+ 23 3 16 1 36 40 40 25 36 40 40 40 40 25
- 27 35 37 37 13 13 32 37 33 7
- 13 43 14 7 15
+ 12 26 19 18 27 0 17 43
+ 36 25 8
+ 13 40 13 38 22 36 46 26 48 47 33 0 49
- 12 41 30 6 8 1 44 49 8 28 22 35
+ 12 26 46 49 8 1 49
- 12 19 19
- 27 13 13 13 13 13 13 13 38 33 7
+ 22 37 37 37 37 37 37 33 7
- 22 37 13 42 33 7
- 27 13 19 37 33 7
- 35 4 36 29 0 29 19
- 32 40 40 30 40 30 25 44
+ 23 27
- 12 26 17 17 18 39 49 8 27 16 18 39 36 4 22 36 10 22 36 22 36 14
- 26 17 40 37 17
+ 36 25 44
- 3 35 37 45 37 33 22
- 49 42
- 23 22 49 28 48
+ 12 26 46 41 46 35 26 30 16 9
- 0 44
- 12 48 9 35 45 43 48
+ 12 48 17 0 30 34 27 33 0 30 10 34
+ 12 9 1 16 26 46 1 16 26 17 47 33
- 3 23 2 11 14 11
- 27 46 37 33 21 10 7
+ 36 25 8
- 22 37 37 37 16 7
- 3 13 4
+ 23 3 47 47 11 17 34 17 17 34 20 34 20
+ 13 15 49
+ 12 48 47 30 27 34 4 10 8
- 36 40 40 40 29 4 6 40 25 8
- 27 13 13 13 13 13 37 37 37 13 37 37 13 37 37 37 37 37 37 37 37 37 33 11 7
- 10 35 37 28 13 33
+ 36 25 8
- 7 40 25 36 40 40 41 47 25 36 40 40 25
+ 36 25 8
- 27 37 37 13 13 35 13 13 37 33
- 12 26 17 47 0 49
- 13 25 20
- 36 40 25 1
+ 36 40 40 40 40 40 25 36 25 13
- 48 22
- 13 13 37 22 13 37 13 13 7
- 13 46 26 26 46 41 31 35 26 14 26 9
+ 13 11 24
- 24 24 40 31 7
+ 36 25 8
+ 22 13 37 13 37 33 7
- 5 48
- 2 33 29
- 3 17 27
- 17 42
+ 36 40 25 16 26 17 47 33 0 30 15 34 20
+ 12 26
- 36 40 9 40 40 40 40 23 25 16 49 8 46 10 10 10 10 10 10 10 10 10 30 10 10 10 10
- 4 3 16 28 7 13
+ 12 48 47 2
+ 23 16 9 1 16 48 17 49
- 39
- 13 24
- 12 49 48 39 19 13 0 5 37 48
+ 13 21 9 1 13
- 36 40 40 40 25 3 11 20 17 17 17 20 20 17 34 20 34 17 20 20 20 34 20 34 34 30 20 20 20 20 20 34 34 20 20 34 34
+ 13 28 31 1
+ 23 36 25 3 47 47 47 11 17 34 20 34 17
- 27 13 37 13 13 1 33 7
+ 12 48 17 49 8 27 2 27 49
- 31 24 22 37 33
+ 12 26 17 47 49 27 49 27 49 27 49 27 49
- 23 32 14 25 3 19 27
- 22 37 37 33
- 27 9 42 1 24
+ 36 25 44
- 36 40 14 25 16 45 38 22 5
- 2 33 29
+ 36 25 3 16 49 8
- 27 13 13 37 37 13 13 18 37 33
- 24 26
- 12 28 20 1
+ 36 40 25
- 10 31 13 35 19 18 27 13 38 46
+ 12 26 13 46 35 32
- 41 33 26 44
+ 23 16 48 47 30 27 8
+ 36 40 40 40 25 16 48 43 27 27 27
- 26 17 47 49 49 49
- 30 5
- 26 46 41 38
- 37 34 33 7
- 25 27 33 5 17 37
- 13 21 11 9 1
- 26 22 29
+ 36 40 25 16 26 13 38 48
+ 13 40 19 18 27 0 46 1 44
+ 36 25 44
+ 36 25 8
- 40 6 40 25 40
- 36 25 10 36 40 25 27
+ 12 9 41 46 43 39 28 27 13 23 36 40 19 18 27 0 13 37 48
- 46 22 33 7
+ 12 9 41 39 9 49 8 1 49 18 23
- 21 49 0
- 23 25 13
- 28 33 7
- 24 19 32 33
- 36 12 13 48 40 17 9
- 8 40 40 38 25 44
- 23 16 23 8 9 41 38 22 41 21 9 49 28 43 48 38 33
+ 22 37 13 33 7
+ 27 13 13 33 7
+ 13 26 26 13 46 16
- 12 26 0 17 47 44 33
+ 12 26
+ 23 16 48 43 0
- 16 48 7
+ 22 13 13 13 37 37 13 37 33 7
+ 36 25 8
+ 13 27 29 18 40 19 18 0 17 43 0
- 38 29
+ 13 27 13 46 43 49
- 13 28 10 41 40 19 18 0 46 49 28 13 43 23 21 26 19 18 0 17 17 1 34 0 29
+ 23 36 25 3 11 17 34 17 20 20
- 12 9 41 22 24 47 22 24 47
- 12 46 26
+ 13 43 37 27 30 43 23 26 32
+ 36 25 8
- 22 13 37 33 44 7
+ 12 9 1 36 40 25
+ 36 25 3 16 41 30
+ 12 9 49 18 22 36 28
+ 23 16 48 47 33 0 39
+ 36 25 36 25 16 48 47 16 0 39 15 24
- 27 37 37 37 37 13 33
- 27 37 37 32 13 38 13 7
- 19 22 33 10
+ 22 13 13 37 13 37 33 7
- 12 26 19 18 0 46 41 39 26 46 49 28 16 26 36 23 41 17 39 1
+ 23 3 47 11 34 34 34 34 34 34 34 34 20 34 17 17 17
- 9 45 12 48 13 38 22 41 11 24
- 10 47
- 12 25 9 41 38 23 41 27 30 48
- 25 48 16 34
- 23 36 45 25 27
+ 22 13 37 37 13 13 37 13 33 7
- 12 9 1 6 27
+ 23 16 48 47 33 0 39
- 11 3
+ 13 35 17 47 39 1 0 2
- 12 39 49 45 49 14 27
- 13 22 49
+ 36 25 44
+ 12 9 41 38 39 18 22 41 26 26 13 23 5
- 44 10 13 13 33 7
+ 23 3 11 17 20 17 17 20 17 20 20 34 20 34 17 20 17 20 17 20 17
+ 23 27
+ 23 27
+ 13 35 46 41 30
- 36 8 40 25 36 40 40 40 40 25 34 27
- 13 36
- 13 37 31 1
- 13 14 19
+ 36 25 44
- 27 13 36 13 37 13 13 13 37 33 7
+ 27 13 13 37 37 13 37 13 37 13 13 37 13 37 13 37 33 7
- 22 33 29 37 13 33 7
+ 13 11 24
+ 13 26 26 14 28 31 42 22
+ 36 40 25 16 9 41 38 23 5
+ 12 48 47 10 27 16 3 27 39 1
+ 13 27 29 18 40 19 18 0 17 43 0
+ 13 40 17 43 27 0 17 43
- 39 27 33 7
- 25 36 40 40 25 16 9 49 8 46 10
- 11 13
- 36 25 16 9 41 46 43 23 41 21 9 41 22 48 47 49 27 49 27 49
+ 12 26 17 17 3 27 33
- 27 13 41 13 33 7
+ 13 40 17 17 49 43 10 27 33 0 39 1 0 16 3
- 27 37 37 13 42 13 33
+ 36 25 16 26 13 39 48 47 10 27 2 27 49 27 49 27 49 27 49 27 49 27 49 27 49 27 49 27 49 27 49 27 49
+ 22 13 13 37 13 37 33 7
+ 12 26 17 17 18 39 4 10 10 10 10 22 36 10 10 22 36 22 36 22 36 10 14
- 13 47 26 19 18 27 21 13 38 46 13 43 35
+ 12 9 41 22 22 24 47 43 37
- 33 33
+ 23 3 47 11 20 20 20 34 17 17 34
- 27 24
+ 13 46 26 48 47 49
+ 36 40 25 16 9 41 38 39 8 1 1 3 16 49
- 4 19 18 8 0
- 29
- 22 33 29 37 13 33 7
- 36 40 3 16 49 28
+ 27 37 13 13 13 37 33 7
- 23 48 43 0 13 37 16 32
- 36 34 40 11 44
- 20 43
+ 23 27
+ 36 25 44
- 10 3
- 21 31 23 27
- 44 23
- 30 27 39 13 37 37 13 34 13 37 33
+ 12 48 17 0 39 44
- 25 16 9 41 48
- 49 8
+ 36 40 40 40 40 40 25
- 27 15 33 3
+ 13 28 10 41 35 19 18 0 17 43
+ 12 9 41 46 23 21 26 17 43 0
+ 12 26 46 1 36 25 8
+ 13 21 26 46 49 28 16 6 30
+ 27 13 13 37 33 7
- 9 7 8 49
+ 23 16 26 13 22 43 38 33
+ 22 37 37 13 13 13 13 13 13 13 33 7
- 9 13
- 40 33 32 7
- 36 40 24 15 35 25 44
- 22 13 13 37 33 19 46
- 36 40 40 41 25 30 43 13
- 42 5 23 13
+ 13 35 46 49 28 48
+ 12 48 47 30 10 34 30
- 3 16 41 22 43
- 12 26 21 3 49 26 27 18
- 13 12 26 19 26 18 27
+ 13 35 13 30 18 18 46 47 22 24 47 46 47 26 26 36 46 16 6 46 35 32
- 10 26
+ 23 3 16 49
- 25 27
- 3
- 18 10
- 12 26 17 17 18 39 49 8 27 16 18 39 36 4 22 36 10 22 36 22 36 14
- 32 23 23
+ 13 46 47 22 24 47 15 49
- 28 32 27
- 14 34 26 33 7
+ 12 48 47 33 0 49 27 49 27 49
+ 23 36 25 36 40 40 40 40 40 25 36 25 16 26 19 18 27 27
+ 27 13 13 37 33 7
- 12 4 48 46 35 5 0 46 49 18 39 8 28 37 39 13 7 27 29 18
+ 12 48 17 49 9 27 27 27 27 27 27
- 24 22
- 49 2
- 13 43 14 7 15
+ 36 25 44
+ 12 9 41 22 46 47
- 12 9 49 8 1 1 30 18 48
+ 12 26 46 1 16 48 17 49 8 27 49
- 40 49 28 16 28 9
- 22 13 33 15 7
+ 36 40 40 40 25 36 25 36 25 36 25 44
+ 12 9 49 8 28 38 23 41 40 46 49
- 27 24 33 7
- 25 16 9 49 18 23 36 15 36
- 22 13 24 13 27 7
- 36 25 3 11 17 20 17 20 34 14 17 17 20 34
- 11 36 25 41
+ 27 37 37 37 37 37 37 33 7
+ 12 9 41 39 9 41 37 48
+ 13 35 13 30 28 13 27 13 23 41 21 26 17 47 39 1
+ 22 13 37 13 13 13 37 13 13 33 7
- 13 27 14 13 17 19 22 21 41 40 46 1 8
- 27 14 37 13 13 45 33 7
- 12 48 9 27 27 7 27
- 12 26 17 47 0 49
- 9 13 11
- 36 40 40 40 40 40 40 40 30 40 40 40 25 4
+ 13 27 13 18 22
- 22 44 8 13
+ 13 15 49
+ 36 40 25 16 48 43 0 17 47 39 1 0 33 0 33 0 49
+ 23 3 11 20 17
+ 23 27
- 36 25 30 3 11 31 17
+ 13 28 31 1
- 22 37 33 33 7
+ 12 9 49 28 48
- 33 12 30 6 40 18 0
- 27 13 13 13 13 13 37 37 37 13 37 37 13 37 37 37 37 37 37 37 37 37 33 11 7
+ 27 13 13 37 33 7
+ 13 40 13 38 18 22 24 26 26 17 47 2 27 49
+ 12 48 47 30 27 34 4 10 8
+ 12 26 13 39 48 17 39 10 19
+ 36 40 25 36 40 25 36 40 25 8
- 18 33
- 10 15 13 22 7
- 27 13
+ 36 40 40 40 40 40 25 36 25 13
- 37 33 21
+ 13 35 17 17 4 10 10 10 22 36 14
+ 12 26 13 38 23 41 15 36 24
- 34 9 9 49 8
+ 12 26 46 49 18 17 25 46
- 20 20 29 3 11
- 13 13 46 49 23 9 11
- 11 16 11 24
+ 36 25 3 11 17 17 20 34 17 34 20 17 20 20 34 34 34 17 20 17
+ 12 26
- 36 25 48 18 40 40 40 25 3 10 44 11
+ 13 11 24
+ 13 21 26 19 18 0 13 46 23 43 30 18 46 43
- 36 16 43 31 8
- 13 22 41 24 47 21 48 17 18 3 43 21 0 11 18 0 19 18 27 27
- 13 21 48 3
- 6 12 48 0 17 17 23 36 10 22 36 22 36 22 36 14
- 30 7 7
- 27 22 33
+ 13 22 24 47 26 26 29 46 16 9
+ 12 48 17 3 27 10 27 33
+ 12 48 47 39 1 0 39
- 12 26 24 17 4 22 30 10 14
- 20 33 7
- 27 37 13 37 37 37 13 13 37 30 48 13 47 7
- 20 39
- 27 37 44 37 13 13 13 37 8 44 13 33 7
+ 36 40 25
+ 13 27 36 39
+ 13 43 46 35 26 30 13 43 23 21 26
- 41 27 24 27
- 42 23
- 35 27 33 7
- 12 21 9 44
+ 12 26 13 22 26 26 13 46 16 6 38 33
+ 12 9 41 37 13 13 13 43 23 11 24
- 23 7
+ 12 9 49 18 22 36 28
- 32 40 40 30 40 30 25 44
- 1 5
- 12 9 49 48
+ 27 13 37 13 13 13 37 33 7
+ 13 26 6 30 8 1 1 3 11 34 17 20 20
- 13 35 46 34 18 18 46
+ 36 40 40 40 40 40 40 25 13
+ 36 25 44
- 22 23 7
- 26 22 29
+ 36 40 25
- 33 31 9 8
- 22 46 13 13 37 37 25 13 37 33 7
+ 22 37 13 33 7
+ 12 26 46 1 16 9 41 46 48 46 43 22 36 43 39 9 1 36 25 13
- 23 29 9 30 30 37 48
- 23 29 9 30 30 37 48
- 37 37 19 33 7
+ 27 13 37 13 37 37 13 13 37 33 7
- 12 43
+ 12 48 43 0 46 41 38 48
+ 27 13 13 13 13 13 33 7
- 27 22 38 37 37 33 7
+ 12 9 1 16 26 46 1 16 26 17 47 33
+ 12 26 19 18 27 0 46 41 37
+ 23 3 16 1 36 25 44
+ 13 43 37 43 48 38 18 11 24
- 13 28 10 41 26 6 38 16 27 5
+ 12 48 17 0 39 44
+ 13 15 22 22
- 13 17 13 7
+ 36 25 36 40 40 40 40 40 40 25 3
- 46 26 26 46 1 16 28 48 47 10 27 1 27 49 27 49
+ 36 25 44
+ 13 35 19 18 27 27 27 27 27
+ 13 15 22 49
- 3 22
- 21 26 28 13 41 29 16 9
- 27 24 37 27 13 37 17 35 33 7
- 12 43 17 18 34 27 0 33 0
+ 13 40 13 38 22 36 46 26 48 47 33 0 49
- 42 48 37 0 17 1
+ 36 40 40 40 40 25 36 40 25 3 16 41 39 9 49 8 28 39 26 19 18 0
- 11 36 25 41
- 23 22 37 37 33 1
- 13 43 39 25
- 36 25 12 26 41 40 13
+ 27 37 37 37 37 13 37 37 37 37 37 33 7
+ 13 35 13 46 35 26 14 27 29 17 25 48
- 23 25 44
- 12 18 0 19 18 0 19 18 35 0 19 18
- 12 3 26
- 12 37 9 49
- 36 40 23
- 3
+ 13 46 47 27 13 33
- 23 44 27
- 8 32 7
- 22 37 37 37 16 7
+ 13 21 9 49 8
- 12 17 17 4 14
+ 12 9 1 36 25 27
- 22 3 41
+ 36 40 40 25 8
+ 23 27
- 13 26 39 9 37 8
- 12 26 17 47 37 27 11 39 1 33 18 0 10 27 49 49 27 49
+ 12 9 41 39 48 17 18 42 16 0 0
- 36 25 3 11 17 20 17 20 34 14 17 17 20 34
+ 13 28 31 1
- 22 8 39 33 7
- 0 48 27 12 27 27 0 46 49 28 43 23 35 46 41 37 13
- 7 22 23 17
- 12 46 1 16 48
+ 12 48 43 0 13 30 28
- 45 45
- 38 36 25 34 16 48 27 27 39 0
- 22 16 4
+ 27 13 13 33 7
- 41 23 3
+ 12 26
- 45 25 3 16
- 27 49 37 7
- 29
- 41 22 33 11
- 12 15 22
+ 13 40 46 41 30 18 46 43 35 26 36 48
- 27 37 7
+ 27 13 13 13 37 13 37 37 13 13 37 33 7
- 12 48 43 27 27 27 27 27 16 0 18 0 19 18 6
- 13 40 46 47 10 27 16 49 27 27 49 27 49 27 49 27 49 27 49
+ 13 11 24
- 40 48 19
+ 23 36 25 3 11 17 34 17 20 20
+ 12 26 13 38 48
+ 12 48 43 27 27 27 27 0 19 18 27 0 13 30 18 33
- 27 17 29
+ 13 11 24
+ 12 9 1
+ 13 35 19 18 0 13 22 28
- 13 1 27
- 29
- 27 12
+ 12 9 41 46 48 37 48
+ 23 16 48 43 0
+ 12 26 17 47 49 27 49 27 49 27 49 27 49
- 12 49 48 47 5 18 39 49 9 4
- 27 37 37 32 13 38 13 7
- 12 46 26
+ 36 25 8
+ 12 9 49 18 22 41 35 19 18
- 13 21 3 48 17 49 14
+ 36 40 25 16 26 17 47 33 0 30 15 34 20
- 6 27 4 40 33 7
+ 36 25 16 26 19 18 0 13 37 27 36 17 25 18 21 26 19 18 0 19 18 0
- 23 16 48 0 0 46 49 1
+ 23 36 25 3 47 47 47 11 17 34 20 34 17
+ 12 48 17 49 9 27 27 27 27 27 27
- 10 15 13 22 7
- 22 37 13 37 38 7
+ 36 40 25
- 22 12 42 42 33 7
+ 13 28 10 41 40
- 36 48 6 25 30
+ 13 40 13 37 43 23 43 46
- 36 40 40 27 25 44
- 39
- 18 22 37 33 7
+ 12 48 43 27 27 27
+ 12 9 41 37 43 23 28 31 12
+ 13 28 10 41 22
- 42 25 8
+ 23 36 40 25 36 25 36 40 40 25
- 13 22 24 47 10 40 17 47 30 10 8
- 39
- 3 35 37 45 37 33 22
- 0 45
- 22 37 37 37 37 37 16 13 13 37 13 33 7
- 22 44 8 13
+ 13 15 49
- 12 26 13 30 28 27 30 43 43 23 41 13 46 47 27 36 13 17 25 18 35 13 39 48 17 49 9 27
+ 22 13 37 37 13 13 37 13 13 13 13 33 7
+ 13 46 26 26 17 17 3 27 16 49 43 10 27 49 27 49 27 49 27 49
+ 23 27
- 42 22 13 4 29 7
+ 22 37 13 33 7
+ 36 25 44
+ 36 40 40 40 25 36 25 36 25 36 25 44
+ 36 40 40 25 8
+ 36 40 40 40 25 16 26 13 22 11 24
- 22 12 42 42 33 7
- 27 13 33 41 7
+ 13 11 24
- 36 40 25 16 48 17 0 49 30 39 4 14
- 27 13 37 13 14 7
+ 12 9 41 46 43 23 41 21 48 43 0 19 18 27 27
+ 23 27
+ 13 40 46 41 30 8 46
- 36 40 48 43 25 13
+ 13 35 46 1 3
- 23 36 7 25 21 9 41 30 8 28 22 43 20 11 24
- 17 44 27 30 18 39
+ 23 3 47 47 11 17 34 17 17 34 20 34 20
- 43 39 18 0 17 49
+ 13 40 46 41 30 8 46
+ 27 13 13 33 7
+ 22 13 37 37 37 13 13 33 7
- 13 9 49 28 43 12 43 22 5
- 48 22
+ 12 26 17 17 49
+ 12 9 41 39 9 49 28 16 6 37 43 48 22
+ 23 3 16 41 37
+ 12 48 17 3 27 16 49 43 30 15 7
- 36 25 36 40 45 40 40 24 40 25 20 40 25 27
- 27 33 10
+ 12 26 19 18 27 0 46 1 3 11
- 5 48
+ 13 43 37 43 48 38 18 11 24
- 27 35 28 28
+ 23 36 25 36 40 40 40 40 40 25 36 25 16 26 19 18 27 27
- 27 14 37 13 13 45 33 7
+ 23 27
- 36 25 48 17 49 43 33 0 16 31 41
- 12 9 31 1 8
+ 23 16 9 41 46 23 26 9
+ 23 16 26 46 41 30 28 43 43 17 25 22 41 28 31 42
+ 36 40 25
- 11 6
+ 13 46 26 9 1 3 47
- 3 16 41 22 43
+ 12 9 1 36 25 27
- 27 37 37 37 37 13 7
- 22 37 13 34 37 0
- 23 25 44
+ 12 9 49 18 22 41 35 19 18
- 45 33 7 33
- 3 16
+ 12 48 17 4 10 10 10 14
- 12 21 12 9 41 38
- 22 33 12
- 27 37 13 2 17 33 7
+ 13 21 26 13 39 9 41 30 28 27 43
- 25 27
+ 13 15 49
+ 36 40 25 16 9 41 38 39 8 1 1 3 16 49
- 27 37 33
- 48 0
- 23 3 16 5 41 30 18 23 5
+ 13 43 46 43 23 41 43 22 27 14 21 48 47 10
+ 23 3 16 41 38 22 41 43 22 11 24
- 22 13 37 33 44 7
- 27 37 33
+ 13 11 24
+ 13 11 24
- 12 21 12 9 41 38
- 36 45 36 40 40 10 40 25 36 40 25
+ 13 43 22 26
+ 23 3 11 17 34
- 25 8
- 31 24 22 37 33
+ 12 9 41 39 9 49 8 1 49 18 23
- 23 36 25 35
+ 36 25 8
+ 12 26 19 18 27 27 0 17 17 0 30 3 43 27 27 27 0 13 37 13 16 6 30 28 16 9
+ 27 13 13 37 33 7
- 13 22 24 26 49 28
+ 23 3 47 16 1 16 9 49 8 1 41 38 23 36 22 24 47 21 9 49 28 48
- 22 33 12
- 13 27 41 48
+ 12 9 41 46 35 26 43 43 33
+ 13 15 49
+ 36 25 8
- 13 40 17 47 16 39 13 19
- 21 13 37 37 44
+ 13 46 47 43 30 28 13 27 30 48
+ 36 25 16 26 19 18
- 27 22 33
- 27 13 41 13 33 7
- 27 17 29
- 49 8
- 36 36 25 36 25 3 4 16 49 8 28 39 9 1 44 3 34 20
+ 36 25 44
- 26 17 47 49 49 49
+ 27 13 13 33 7
- 21 36 10 40 40 40 40 25 16 46 13 22 22
- 22 20 13 33 7
+ 27 13 13 37 33 7
+ 13 26 6 30 8
- 23 36 16 25 13
- 36 16 43 31 8
+ 13 27 30 43 43 46 27 36 33
+ 36 40 40 25 36 40 40 40 40 40 40 25 27
- 23 3 11 1 17 34 17 17
+ 13 35 13 30 18 18 46 47 22 24 47 46 47 26 26 36 46 16 6 46 35 32
- 20 33 7
- 22 37 13 40 15 6 13 37 26 29 37 13 33 7
- 31 28 33 12
- 13 28 10 41 26 6 38 16 27 5
- 22 37 13 37 38 7
- 44 33 7
+ 13 21 26 46 49 28 16 6 30
- 32 22 37 13 1 46 33 13 33 7
- 12 9 41 39 48 43 0 34 46
+ 36 40 40 25 8
- 37 40 22 37 33 7
- 7 22 23 17
- 43 27 37 37 13 26 13 15 33 7
+ 23 27
+ 36 25 44
+ 12 26 19 18 27 0 17 17 18 39 39 34 39
+ 23 27
+ 13 35 13 30 28 13 27 13 23 41 21 26 17 47 39 1
+ 23 27
+ 36 40 40 25 36 25 27
- 27 47 33 45
+ 12 48 17 4 22 36 10 14
+ 23 27
+ 36 25 16 26 17 47 30 27 34 30 10 33 7
+ 13 27 43 45 35 32
- 13 20 46 49 6 46 27 43 22
- 21 26 6 46 48 38 46 48
+ 36 25 8
- 36 44 40 25 44
+ 13 43 37 13 13 13
- 27 37 37 13 37 37 41 37 33 7
+ 23 27
- 43 38 27 33 7
- 36 16 48 49 20 9
- 27 21 33
- 21 31 22 27 36 23 11 27 36 22 17 27 36 33
+ 27 13 13 37 13 13 13 33 7
- 41 46 17 7
- 16 48 7
+ 36 40 40 40 40 25 8
+ 36 40 25
- 36 40 25 21 8
- 22 13 33 15 7
+ 13 22 24 47 46 47 28 31 12
- 45 31 33
+ 36 25 8
- 13 21 26 19 18 27 27 27 0 46 9 28 27 30 13 43 49 48 38 17 25 17 25 23 5
- 12 47 47 16 19
+ 23 36 40 40 40 40 40 40 25 44
- 27 37 13 13 33 22 7
+ 36 25 8
+ 12 48 43 0 46 49 8 1 49
+ 36 25 44
- 40 40 40 40 25 27
+ 13 40 46 41 30 18 46 43 35 26 36 48
+ 36 25 3 11 34 34 20 17 17 17 17 20 34 17 17
+ 12 9 49 18 22
+ 23 3 16 41 38 22 41 43 22 11 24
- 23 3 1 11 17 20 20 34 34 20 17 17 34 20 33 20 34 14 34 34 17
- 22 46 13 13 37 37 25 13 37 33 7
+ 23 27
+ 13 22 24 47 43 38 17 25 18 35 13 30 18 33
+ 13 15 22 22
- 13 21 37 16 41 28 17 37 16 9
- 22 13 21 13 33 7
+ 36 25 3 11 20 20
- 6 27 27 33
- 41 27 24 27
+ 23 27
- 27 9 39 33 9 7
- 27 45 13 37 13 33 7
+ 13 28 31 1
- 13 36
- 41 13
+ 36 40 25 36 25 36 25 16 9 1 13
- 46 47 35 17 43 27
+ 23 27
+ 36 25 36 25 16 48 47 16 0 39 15 24
- 27 43 33 48
+ 36 25 16 26 19 18 27 27 27 27 27 0 19 18 0 46 49 18 18 26 32
- 12 12
+ 12 9 41 39 9 49 28 13 43 35 9
- 22 13 35 7
+ 12 48 47 2
- 47 13
- 2 12 26 41 30 46 28 13 48 47 34
+ 12 26 46 49 18 17 25 46
+ 13 22 24 47 46 47 43 37 16 32
- 27 37 13 37 37 37 13 13 37 30 48 13 47 7
+ 12 48 47 16 3 27 33
- 23 25 13
+ 36 40 25
- 36 25 48 18 40 40 40 25 3 10 44 11
+ 27 13 13 37 33 7
+ 36 25 44
+ 36 40 40 25 8
+ 36 40 40 25 3 11 20 17 20 17 20 34 20
- 20 17 39
+ 13 26 6 46 45 49 35 9
- 13 43 46 32
+ 13 40 19 18 0 13 39 9 49
- 36 25 25 37 1 44
- 27 26 7
- 38 36 25 34 16 48 27 27 39 0
+ 27 13 13 13 13 13 37 37 13 33 7
- 37 37 19 33 7
- 46 23 8
- 19 31 26 26 13 39
+ 22 37 13 33 7
- 27 43 33 48
+ 36 40 25 3 47 47 11 34 34 20 17
+ 12 26 13 30 28 27 30 48
- 12 24
+ 13 46 26 48 17 39 33
- 31 28 33 12
+ 12 48 17 3 27 30 10 33 7
- 20 42 7 23 13
- 12 9 41 39 48 43 0 34 46
+ 36 25 44
- 13 46 47 46 26 9 49 18 23 36 43 22 21 9 41 39 9 1 16 9 1 3 16 41 22 26 13 38 34 22 24 26 9 49 37 23 41 27 29 37 48
- 17 13 20 18
- 20
- 4 12 26
+ 23 3 16 49 8 28 38 23 36 21 48 47 30 10 33 8
+ 12 26 46 49 8 28 37 27 30 13
- 20 43 11 37 16
- 42 22 13 4 29 7
- 1 25 6 8
+ 36 40 25 36 40 25
- 17 40
- 13 26 41 32
+ 13 43 37 27 13 46 16 26 13 22 41 46 26 9 41 39 26 13 22 22
- 20
+ 36 25 3 11 17 17 20 34 17 34 20 17 20 20 34 34 34 17 20 17
- 24 22
+ 13 40 46 49 18 33
- 22 37 13 40 15 6 13 37 26 29 37 13 33 7
- 5 48 43 27
- 23 5 36 27
- 8 13 1
+ 27 13 13 37 37 13 37 13 37 13 13 37 13 37 13 37 33 7
+ 36 40 40 40 40 25 8
- 30 16 1 1
+ 23 27
- 22 17 13
- 11 40 25 3
- 36 34 25 27
- 27 13 10 7
+ 12 26 13 38 23 41 15 36 24
+ 13 35 46 49 8 1 1 3 47 16 49 18 39 18 46 27 14 43 30 8 1 41 38 17 25 17 25 48
- 37 13 37 37 37 13 33 7
+ 13 22 24 47 46 47 28 31 12
+ 13 35 13 38 22 36
+ 13 43 37 27
- 12 28 20 1
+ 13 21 9 1 36 25 13
- 26 25
+ 12 26 17 43 27 0 17 47 49 27 49
+ 36 25 8
- 36 25 16 41 0 30 28 22 11 24
- 23 22 36 36 39 16 8
- 13 22 16 2 24
+ 13 46 26 48 47 49
+ 13 27 14
+ 13 43 22 26
+ 23 36 40 40 40 25 8
- 12 18
- 12 46 1 16 48
+ 12 9 49 8 1 49
- 12 48 17 39 12
- 12 37 9 49
- 11 13
+ 12 26 17 47 30 27 34 4 15 7
+ 36 25 16 48 43 0 46 1 13
+ 23 36 40 40 40 40 40 40 25 44
+ 12 48 17 3 27 10 27 33
- 22 13 13 37 26 26 33 7
- 36 40 40 40 15 40 40 47 40 40 25 16 26 19 18 27
- 22 18 33
+ 36 25 16 26 46 49 18 18 11 24
+ 13 15 22 22
- 46 33
+ 36 40 25 16 48 43 0 17 47 39 1 0 33 0 33 0 49
+ 36 25 16 26 46 49 8 46
- 35 27 33 7
- 42 37 33 7
- 45 12 48 0 49 8
- 22 37 5 37 13 13 37 28 13 13 33 7
+ 12 9 49 8 28 46 35 6 38 23 36 35
+ 27 37 37 37 37 13 37 13 13 37 33 7
- 13 46 26 9 41 30 27 29 22
- 39
+ 23 27
- 42 33 17
+ 23 27
+ 13 21 9 1 13
- 9 22 37 3 43 7
+ 13 43 37 27 30 43 23 26 32
- 2 36 13 13 13 7
- 36 25 16 48 27 27 20 18 0 46 41 37 25 26 48
- 36 44 36 45 40 40 40 25
- 36 40 48 43 25 13
- 12 26 19 11 47 30 15
- 21 22 37 13 16 7
- 22 42 13 13 13 33 7
+ 23 3 16 41 22 22
- 44 48 47 26 1 0 49 27 49
+ 22 13 13 13 13 13 13 13 37 33 7
+ 22 13 13 13 37 37 13 37 33 7
+ 12 9 41 22
- 30 45 36 25
- 34 37 34 23 37 13 13 12 13 37 13 33 7
- 26 25
+ 12 48 43 27 27 0 13 46 48 37 43 49 48 22 46 26 26 19 18
- 3 43
+ 13 27 29 39 28 27
- 8 40 40 38 25 44
+ 13 21 26 17 47 16 3 27 30 15 34 24 19 8
- 36 32 16 48 3
+ 23 36 25 3 47 16 41 39 48 47 49 27 49
+ 13 40 13 38 18 22 24 26 26 17 47 2 27 49
- 3 17 27
- 5 48 43 27
- 36 40 40 25 16 48 15 3 27 30 15 7
+ 12 9 1 36 40 25
+ 13 43 37 16 32
- 24 5 22
+ 13 21 9 49 8
- 36 45 36 40 40 10 40 25 36 40 25
- 12 48 9 35 45 43 48
- 36 40 40 25 41
+ 36 40 25 3 11 20 17 17 20 17 20 17 20 34 17 34 17 34 34 34 20 17 20 34 34 17 17 34 17 34
- 13 21 9 1 0
+ 12 48 43 0 19 18 0 13 30
- 40 40 14 25 16 26 13 37 43 4 3
+ 23 16 26 19 18 27 0
- 27 36 40 40 33 40 25 36 27 25 30 27
- 36 25 32 0 13 16 1
+ 13 26 26 13 46 16
- 20
+ 23 16 9 41 30 8 46
+ 12 9 41 30
- 37 34 33 7
+ 36 40 40 25 8
- 27 37 44 37 13 13 13 37 8 44 13 33 7
- 22 13 13 33 32 7
- 12 48 15 43 27 0 18 27 0 46 1 16 9 49
+ 27 13 13 33 7
+ 36 25 44
- 27 2
- 13 35 46 34 18 18 46
+ 13 46 26 9 41 39 48 17 3 27 33 0 33 0 39 1
- 47 25
+ 12 9 41 46 45 35 26 36 46 43 48 39 48 47 49
+ 13 27 13 18 22
- 12 9 41 39 9 16 49 28
+ 12 9 49 8 28 22 21 48 47 16 3 27 49
- 41 13
+ 36 25 3 16 1 36 25
- 22 37 9 13 13 33 39 7
+ 12 9 41 30 8 28 46 45 35 26 29 39 18 48
+ 13 46 47 43 30 28 13 27 30 48
- 12 17 17 4 14
+ 12 48 17 39 10 20 8
- 13 42 3
+ 27 37 13 13 13 37 33 7
- 27 22 21 13 33 38 35
+ 13 11 24
- 36 5
- 22 13 13 33 32 7
+ 13 26 26 43 48 39 9 41 22 46 26 26
+ 27 13 13 33 7
- 14 3 17 17
- 36 25 3 37 19 20
- 36 12 13 48 40 17 9
+ 12 9 1
- 22 32 13 13 13 37 13 13 40 7
- 32 23 23
- 13 21 9 1 0
+ 23 36 40 40 40 25 8
- 4 37 33
- 12 48 9 27 27 7 27
+ 12 9 41 46 43 23 41 21 48 43 0 19 18 27 27
- 17 21 26 17 43 0 17 47 10 27 30 13 37 8
- 12 39 49 45 49 14 27
+ 23 27
- 16 18
- 9 41 41 22
+ 23 3 11 20 17
+ 27 13 13 33 7
+ 22 13 37 13 37 33 7
+ 12 9 49 8 28 22 21 48 47 16 3 27 49
- 13 43 6 37 48
- 17 47 23
- 40 48 19
+ 12 9 49 28 48
- 32 22 37 13 1 46 33 13 33 7
+ 27 13 13 13 13 13 33 7
+ 36 40 25 3 16 1 16 26 17 47 10 27 10
- 9
- 36 40 40 25 16 48 15 3 27 30 15 7
- 33 15
+ 22 37 13 13 37 13 13 33 7
+ 12 26 46 49 18 17 25 23 5
- 12 9 41 22 24 47 22 24 47
- 23 16 26 17 8 1 37
- 42 37 33 7
+ 27 37 37 13 37 37 37 37 13 37 33 7
- 9
+ 12 9 1 16 26 19 18 0
- 49 16 25
+ 13 26 6 38 39
- 15 41 21 46 13 15 25 16 24
+ 13 15 22 36 24
- 18 36 25 36 25 44
- 36 40 9 40 40 40 40 23 25 16 49 8 46 10 10 10 10 10 10 10 10 10 30 10 10 10 10
- 13 22 24 47 10 40 17 47 30 10 8
+ 22 13 13 13 13 37 37 37 13 13 13 33 7
- 13 46 26 9 41 30 27 29 22
- 12 11
- 13 28 10 41 40 19 18 0 46 49 28 13 43 23 21 26 19 18 0 17 17 1 34 0 29
- 49 12 26 46 1 13
+ 22 37 13 33 7
+ 22 37 13 13 37 37 37 13 37 33 7
+ 23 16 26 13 38 23 41 40 46 41 30 18 22 5
- 44 10 13 13 33 7
- 44 37 33 25
- 10 12 21 19 18 0 17 17 18 39 3 27 16 4 14
- 16 12 36 9 41 39 46 41 38 22
- 27 13 13 13 13 13 13 13 38 33 7
+ 36 25 8
- 28 1
+ 22 37 13 13 37 13 13 33 7
+ 36 40 25 36 25
- 17 21 26 17 43 0 17 47 10 27 30 13 37 8
+ 23 27
+ 12 48 43 0 17 17 0 0
+ 36 25 3 16 49 18 39 8 46 10 10 10 10 10 10 10 10 10 10
+ 12 48 17 49 9 27 27 27 27 27
+ 36 40 40 25 16 26 19 18 27
+ 13 21 26 13 37 43 35 6 22 46 47 27 30 27 29 17 25 46 27 43 35 6 30 8 28 30
+ 23 16 26 13 46 49
+ 12 9 41 37 27 13 18 11 24
+ 13 22 24 47 26 26 29 46 16 9
- 27 17 44
+ 36 40 40 40 40 25 3 11 34 20
- 16 9 49
- 36 8 40 25 36 40 40 40 40 25 34 27
+ 13 15 49
+ 22 13 37 13 37 33 7
+ 12 9 49 8 1 49 8
+ 22 37 13 13 37 33 7
- 27 37 19 7
- 36 25 1 43 2 3
- 48 11 22 44 29
+ 13 15 49
+ 27 13 37 13 13 13 37 33 7
- 41 22 37 37 13 13 39 7
+ 13 43 22 35
- 13 15 21 48 43 27 27
- 13 49 11 24
+ 36 25 44
- 13 5 27 29 17 40 19 36 36 24
+ 36 25 44
+ 13 28 10 41 40
- 27 40 37 37 33 7
- 36 40 40 19
+ 13 26 26 43
+ 13 46 47 27 29 48
+ 13 35 19 18 27 0 13 37 16 32
+ 12 9 41 37 43 48 22 15 49
+ 36 25 8
- 12 48 7 27 27 0 42 49
- 21 49 0
+ 12 9 41 38 39 18 22 41 26 26 13 23 5
+ 13 26 6 30 8
- 13 27 41 48
- 37 13 37 37 37 13 33 7
- 17 0
+ 12 9 41 46 23 21 26 17 43 0
- 41 22 37 37 13 13 39 7
- 48 8
+ 12 9 41 30 28 16 9
+ 12 9 41 22 22 24 47 46 26 26 46 1 13
- 12 9 1 16 48 28 17 3 27 49
+ 12 9 49 8 1 49
+ 13 15 22 36 24
+ 23 27
- 21 13 37 37 44
- 27 9 39 33 9 7
- 27 34 33
- 26 9 49 28 13 48 43 35 6 22 35 6 17 17 3
+ 13 21 26 17 47 16 3 27 30 15 34 24 19 8
- 25 8
+ 12 9 1 3 11 20 34 34 20
- 13 35 30 13 47 26
- 38 18 33
- 12 26 18 0 30 22 13 38 48
- 34 27 15 31 37 13 37 21 37 37 33 7
+ 22 13 37 37 13 13 37 13 33 7
- 25 43 48
- 22 33 23 7
- 26 4 33 18
+ 36 25 8
- 12 47 47 16 19
- 47 11 13
+ 27 13 13 37 37 33 7
- 13 21 9 49 12 8 28 18
+ 23 3 11 34 20 20
+ 36 40 25 16 48 17 39 3 21
+ 12 26 13 38 48
+ 23 36 40 40 40 40 40 25 13
- 3 24
+ 13 11 24
- 27 21 7
- 26 4 33 18
- 3 23 2 11 14 11
+ 12 48 17 0 39 15 15 47 47 48 24
- 27 16 33 7
- 2 22 7
+ 13 35 13 38 39 18 33
- 4 25 21
+ 23 27
+ 12 9 1 36 40 40 40 40 25 8
+ 22 37 13 37 37 33 7
+ 27 13 13 37 33 7
+ 23 27
- 25 27 33 5 17 37
- 27 22 38 37 37 33 7
- 23 37 26 46 49 28 43 45 45 45 44 48 19 4 43 40 35 32
+ 23 3 11 20
- 20
- 12 9 1 4 16 29 48 47 33 0 33
+ 12 26
- 44 36 40 40 40 40 40 40 25 36 40 25 31 13
- 13 45
- 13 5 24 47 24 3 49 49 22
- 33 15
+ 13 40 17 47 33
- 14 3 17 17
+ 12 9 41 46 23 43 30 8 46
- 12 47 41 46 43 48
- 13 22 16 2 24
- 22 37 33 12 7
- 13 43 6 37 48
- 23 4 13
- 27 37 37 13 13 35 13 13 37 33
+ 23 16 9 49 8 1 41 39 26 19 18 27 0 13 39 48 43 0 19 18
+ 36 40 40 25 36 40 40 40 40 40 40 25 27
+ 23 27
+ 23 27
- 48 13 35 13 37 48
- 13 2 36
- 23 48 43 0 13 37 16 32
- 27 35 37 37 13 13 32 37 33 7
- 23 40 40 1 25 23 40 25 27
- 22 37 37 33
+ 13 27 30 16 32
- 22 9 22 41 0 13 22 40
+ 36 25 16 26 46 49 18 18 11 24
- 23 22 37 37 33 1
+ 23 3 11 17 20 17 17 20 17 20 20 34 20 34 17 20 17 20 17 20 17
+ 12 9 41 37 43 23 28 31 12
+ 12 9 41 30 8 28 38 17 25 46 43 23
- 27 35 28 28
- 40 40 40 40 25 27
- 36 25 30 3 11 31 17
+ 12 26
+ 22 37 37 13 13 37 13 37 37 13 37 13 13 13 13 37 37 37 13 33 7
- 3
- 22 37 46 40 7
- 4 36
- 22 13 25 7
- 22 37 37 13 35 33
- 11 6 25 4 27
+ 12 26 46 1 16 48 17 49 8 27 49
+ 27 37 13 13 37 13 37 33 7
+ 27 37 37 13 37 37 37 37 13 37 33 7
+ 23 27
- 13 9 49 28 43 12 43 22 5
+ 23 3 11 34 20 20
- 13 46 26 26 46 41 31 35 26 14 26 9
- 33 27 33
+ 12 9 41 39 48 17 18 42 16 0 0
- 44 35
+ 36 25 16 26 19 18 0 13 37 27 36 17 25 18 21 26 19 18 0 19 18 0
- 27 37 7
- 27 37 37 37 13 7
+ 13 15 22 49
+ 36 25 8
+ 23 16 26 19 18 27 0 13 30 18 22 36 35 19 18 0 17 43 27
- 0 44
+ 36 40 40 40 40 25 8
- 40 49 28 16 28 9
+ 36 25 36 25 16 48 17 18 39 39 33
- 13 20 18 40 30 43
+ 12 9 49 28 27 29 46 43 23 40 19 18 27 0 13 39 9 49 8 28 22 28 10 41 22 24
+ 12 26 17 17 3 27 33
+ 36 40 25 36 25 36 25 16 9 1 13
+ 12 9 41 22 22 24 47 46 26 26 46 1 13
- 24 19 32 33
- 2 29 35
- 10 12 21 19 18 0 17 17 18 39 3 27 16 4 14
+ 23 27
- 15
+ 23 36 40 40 40 40 40 25 13
+ 13 26 26 14 28 31 42 22
+ 27 13 13 33 7
- 23 4 20 34
- 12 26 19 11 47 30 15
- 18 13 38 28
- 12 22 13 37 33 7
+ 12 9 49 28 48
+ 36 40 40 25 8
- 24 23 19
- 2 23 3 27
+ 12 9 49 8 28 38 23 41 40 46 49
- 49 14 12 32 19 19 23
+ 12 26 13 30 8 46
+ 13 22 24 47 40 17 43 27 27 0 13 22 22
+ 13 43 37 27 13 46 16 26 13 22 41 46 26 9 41 39 26 13 22 22
+ 36 40 40 25 8
- 36 40 40 40 25 3 11 20 17 17 17 20 20 17 34 20 34 17 20 20 20 34 20 34 34 30 20 20 20 20 20 34 34 20 20 34 34
+ 13 46 26 48 17 39 33
- 36 40 40 40 40 40 40 40 30 40 40 40 25 4
+ 12 9 41 30 8 28 46 45 35 26 29 39 18 48
- 36 25 29
- 22 33 5 16
+ 12 48 43 0 17 47 49 27 49 27 49 27 49 27 49 27 49
- 41 17 27 37
- 36 10 25 2
- 4 12 9 41 38 17 11 25 46
+ 36 40 25 3 16 1 8
- 12 26 42 17 4 22 36 36 10 14
- 21 22 37 13 16 7
- 7 40 25 36 40 40 41 47 25 36 40 40 25
- 22 37 22 7
+ 13 11 24
+ 13 46 47 27 29 48
- 23 3 11 1 17 34 17 17
- 13 46 26 43
+ 36 40 40 40 25 16 48 43 27 27 27
- 22 20 13 40 33 16
- 29
- 0 48 27 12 27 27 0 46 49 28 43 23 35 46 41 37 13
+ 13 15 22 49
+ 27 13 37 13 37 13 37 13 13 37 13 13 13 37 33 7
- 27 37 37 37 37 13 33
+ 12 48 17 0 30 34 27 33 0 30 10 34
- 22 13 13 13 13 47 37 33 7
+ 12 26 13 22 26 26 13 46 16 6 38 33
+ 22 13 13 37 37 37 33 7
+ 36 25 36 40 40 25 13
+ 13 21 48 17 4 22 36 14
- 36 28 25
- 22 13 25 7
- 10 37 33
+ 36 25 8
- 13 13 13 37 37 13 7 7
+ 23 36 40 25 16 48 43
- 12 26 37 13 27 36 46 6
+ 13 11 24
- 27 37 13 13 33 2 7
- 12 26 46 8 6 26
- 36 40 40 25 36 40 25 36 18 36 40 40 40 40 25 16 48 43 27
+ 23 3 16 41 37 48
+ 36 25 44
+ 12 9 41 30 18 46 27
+ 12 26 17 47 16 0 39 15 47 44
+ 23 16 48 47 2 27 49 27 49
- 31 13 42 18 32 4
+ 13 11 24
- 2 18 27 7
- 1 5
- 27 13 13 23 13 13 37 28 37 37 28 13 33 7
- 27 40 37 37 33 7
+ 13 27 43 49 35 26 29 23 36 11
- 36 25 1 43 2 3
- 12 26 17 47 37 27 11 39 1 33 18 0 10 27 49 49 27 49
- 21 13 10 13 30 13 13 13 33 7
+ 13 21 9 49 28 16 9
+ 36 25 8
- 44 35
+ 23 36 40 25 3 16 1 36 40 25 8
+ 22 37 13 33 7
- 30 21 23 46
+ 23 36 25 3 16 41 22 21 26 46 1 36 25 13
- 37 28 7
+ 13 21 48 17 4 22 36 14
- 45 12 48 0 49 8
+ 22 13 37 13 13 13 37 13 13 33 7
+ 23 3 47 16 1 16 9 49 8 1 41 38 23 36 22 24 47 21 9 49 28 48
- 22 20 13 33 7
+ 13 35 13 37 13 16 9
- 27 37 13 2 17 33 7
+ 36 25 3 16 49 18 39 8 46 10 10 10 10 10 10 10 10 10 10
+ 23 27
+ 27 37 37 37 37 37 37 33 7
+ 22 13 13 37 13 37 33 7
- 37 33 21
- 32 22 7 13 12 38 7
+ 23 16 26 46 41 30 8 46 10 10 10 10
+ 13 26 6 39 26 13 30
- 36 25 16 48 43 0 17 36 3 27 10 27 2
+ 27 37 13 13 13 37 37 13 33 7
- 12 48 43 0 19 18 27 27 0 47 16 0 39 24
+ 12 48 43 0 13 46 49 49 35
+ 13 46 26 9 41 39 48 17 3 27 33 0 33 0 39 1
+ 23 3 47 11 20 17
- 22 13 3 33 34
+ 12 48 47 16 39 10 37
- 13 46 26 43
- 34 44 37 37 37 13 37 13 33 7
+ 22 37 13 33 7
+ 22 37 37 37 37 37 37 33 7
+ 13 35 19 18 0 13 22 28
- 22 37 37 13 35 33
+ 12 48 17 0 0
+ 22 37 13 37 37 13 13 13 37 37 37 33 7
+ 13 46 47 22 24 47 15 49
+ 23 3 47 11 34 34 34 34 34 34 34 34 20 34 17 17 17
- 11 6 25 4 27
- 14 0 45
- 9 7 8 49
+ 36 40 40 40 40 40 25
- 31 45 10
- 23 39 12 48 25
- 21 25
- 40 27
- 40 12 9 41 38 18 40 19 18
+ 27 13 37 37 13 37 37 37 33 7
+ 13 11 24
- 28 1
- 36 5
- 13 37 13 39 27 33 7
+ 22 37 13 37 37 13 13 13 37 37 37 33 7
- 44 36 40 25
- 12 11
+ 22 13 13 13 33 7
- 36 40 3 16 49 28
- 4 26 6 30 8 1 41 46 23 46 47 21 9 41 46 35 5 26 30 13
+ 27 37 37 37 37 13 37 37 37 37 37 33 7
+ 36 40 40 25 36 40 40 40 40 25 8
- 36 40 40 25 36 40 25 36 18 36 40 40 40 40 25 16 48 43 27
+ 12 9 41 22 46 26 9 1 13
- 18 21 26 17 17 49
- 18 36 25 36 25 44
- 8 6 48
+ 12 48 17 0 39 15 15 47 47 48 24
- 34 9 9 49 8
- 46 23 8
+ 13 27 30 16 32
+ 36 40 25 3 11 20 20 17 20
- 19 27 13 33 7
- 36 25 10 36 40 25 27
+ 36 40 40 40 40 40 40 25 13
- 27 13 22 38 33
+ 13 26 6 30 8 46 10
+ 13 35 46 41 38 46 16 9
- 44 35 13 39 9 1 13
+ 13 26 26 43 45 35 6 39 9 49 18 39
- 22 13 37 33 23
+ 27 13 37 13 37 13 37 13 13 37 13 13 13 37 33 7
- 23 23 30 25 36 25 13
+ 12 48 43 27 27 27
+ 36 25 16 48 43 0 17 47 2 27 49
+ 13 27 14 40 46 41 30 28 48
- 12 19 19
- 25 36 40 40 25 16 9 49 8 46 10
+ 22 37 13 13 37 37 37 13 37 33 7
+ 12 9 1 16 48 43 0
+ 23 16 48 47 30 27 8
+ 13 11 24
+ 22 13 13 37 37 37 33 7
+ 36 40 40 25 8
- 22 37 13 43 7
- 14 0 45
- 12 25 9 41 38 23 41 27 30 48
+ 12 48 43 27 0 13 37 48
- 16 12 36 9 41 39 46 41 38 22
+ 23 27
- 12 21 9 44
- 12 26 21 3 49 26 27 18
- 30 27 39 13 37 37 13 34 13 37 33
+ 13 27 13 46 27 14
+ 13 26 6 30 8 1 1 3 11 34 17 20 20
+ 36 25 3 11 34 34 20 17 17 17 17 20 34 17 17
- 13 27 14 13 17 19 22 21 41 40 46 1 8
+ 27 13 13 33 7
+ 12 48 47 33 0 49 27 49 27 49
- 22 37 33
- 37 1 16 29 46 1 12 27
- 27 13 13 23 13 13 37 28 37 37 28 13 33 7
+ 36 25 44
+ 36 25 16 48 47 16 49 43 10
- 32 36 40 40
- 12 43 17 18 34 27 0 33 0
+ 27 13 13 37 37 13 13 13 33 7
+ 36 40 40 40 40 40 40 40 25 16 26 13 38 48
+ 12 26 46 1 36 25 8
+ 12 26
+ 13 11 24
- 22 37 13 42 33 7
- 23 16 48 0 0 46 49 1
+ 12 48 17 3 27 16 0 30 3 17 4 10 14
+ 36 25 3 16 1 36 25
+ 12 48 17 49 8 27 2 27 49
- 21 31 23 27
- 38 22 24 31 48 47 49 27 49 27 49 27 49 27 49 27 49 27 49
- 22 37 33
+ 13 26 26 43 48 39 9 41 22 46 26 26
+ 36 40 25 36 40 25 27
+ 12 48 43 0 46 41 30 28 13 48
- 12 33 48 47 43 39
- 11 16 11 24
- 12 48 17 3 26 30 15 33 33 34 24 19 8
+ 13 15 49
+ 27 13 13 37 33 7
+ 22 37 37 13 13 13 37 13 13 37 37 33 7
+ 22 13 13 13 33 7
- 42 25 8
- 36 40 23
- 17 47 23
+ 27 37 37 37 37 13 37 13 13 37 33 7
+ 36 25 3 47 47
- 36 40 40 25 41
- 22 37 0 2
- 41 23 3
- 22 37 13 43 7
+ 12 26 13 30 18 23 5
- 20 39
- 29 22 11
- 36 25 16 48 43 0 17 36 3 27 10 27 2
- 22 12 33 7
- 13 5 24 47 24 3 49 49 22
- 22 16 33 7
+ 12 48 43 27 27 0 17 17 0 39 44 48 15 24
+ 23 27
+ 13 43 38 23 36 35 17 47 16 39 34 30 39 39 10 37 29 29 29 29 29
+ 12 26 13 39 26 17 17 18 34
+ 12 48 43 27 0 46 41 39 26 13 37 48
- 30 7 7
+ 12 26 17 47 16 0 39 15 47 44
- 22 37 15 28 6
+ 12 9 41 22 46 26 26
- 36 36 25 36 25 3 4 16 49 8 28 39 9 1 44 3 34 20
+ 13 22 24 47 28 31 42 45
- 22 37 13 34 37 0
+ 12 9 49 18 18 35 46 1 8
+ 13 11 24
- 22 13 13 37 33 19 46
- 27 13 37 13 13 1 33 7
+ 13 11 24
- 27 22 21 13 33 38 35
+ 12 26 17 17 49
+ 13 40 13 37 43 23 43 46
+ 12 48 17 39 10 20 8
- 23 15 25 16 13 1 16 9 49 8 28 46 23 43 30 28
+ 36 40 25 16 9 41 38 23 5
- 36 36 5 36 25 3
+ 12 48 47 2
- 27 9 42 1 24
- 9 13 11
- 33 17 14 39 36 37 25 44
+ 22 13 37 37 13 13 37 13 13 13 13 33 7
+ 13 28 31 1
- 37 28 7
+ 22 37 37 37 37 13 33 7
- 20 42 7 23 13
+ 13 22 24 26 9 41 38 17 25 23
- 24 23 19
- 12 9 1 6 27
- 20 43 11 37 16
+ 13 27 14 40 46 41 30 28 48
+ 13 40 17 17 49 43 10 27 33 0 39 1 0 16 3
+ 27 13 37 13 13 37 13 37 37 37 37 37 37 13 33 7
- 23 15 25 16 13 1 16 9 49 8 28 46 23 43 30 28
- 2 18 27 7
- 49 2
- 13 35 13 37 13 33 36
+ 12 9 1
- 27 13 19 37 33 7
+ 27 13 13 33 7
+ 27 13 37 13 13 37 13 37 37 37 37 37 37 13 33 7
- 15 37 33 23 7
- 43 27 37 37 13 26 13 15 33 7
- 23 3 11 17 20 17 17 34 7 34 17 9 22
- 43 36 40 34 25 29 38 44
- 12 42 48 47 8 41 0 14 10 27 16 39 41 29 29 29 12 29 29 29 29
- 31 13 42 18 32 4
+ 13 35 46 41 38 46 16 9
- 27 24
- 8 12 26 19 18 0 38 47 33 0 10
+ 36 40 25 3 11 20 17 17 20 17 20 17 20 34 17 34 17 34 34 34 20 17 20 34 34 17 17 34 17 34
+ 13 46 47 27 36 18 43 30
- 27 33 29
- 22 12 33 7
- 42 43 18
+ 36 25 44
- 27 34 33
- 27 13 33 41 7
- 12 9 1 16 48 28 17 3 27 49
- 12 12
- 41 17 27 37
+ 23 27
- 39 36
- 23 36 16 25 13
- 12 26 19 18 0 46 41 39 26 46 49 28 16 26 36 23 41 17 39 1
+ 13 27 43 49 35 26 29 23 36 11
- 40 5 49 27
- 12 48 43 27 27 27 27 27 16 0 18 0 19 18 6
- 23 36 40 40 25 19
- 42 33 17
- 12 42 48 47 8 41 0 14 10 27 16 39 41 29 29 29 12 29 29 29 29
- 12 26 17 47 39 1 24 49 27 49 18 49 17 49
+ 23 27
- 13 27 7
- 41 27 22
+ 22 37 13 33 7
+ 13 27 43 43 17 25 18 46 26 9 41 46 23 35 17 43
+ 36 25 3 16 49 8
- 13 20 18 40 30 43
- 27 13 37 13 14 7
- 22 13 21 13 33 7
- 18 13 38 28
+ 36 40 25 16 48 17 39 3 21
- 12 1 9 26 18
+ 13 40 46 49 18 33
+ 23 3 47 11 20 20 20 34 17 17 34
+ 13 27 13 46 27 14
- 41 46 17 7
- 37 40 22 37 33 7
+ 22 37 37 37 37 37 13 33 7
- 23 36 40 40 25 19
- 22 13 13 13 13 47 37 33 7
+ 12 26 17 47 30 27 34 4 15 7
+ 13 35 19 18 27 27 27 27 27
+ 12 9 41 39 9 1 3 47 11
- 46 26 26 46 1 16 28 48 47 10 27 1 27 49 27 49
+ 13 22 24 47 28 31 42 45
+ 36 25 3 47 47
+ 36 25 3 16 1 27
+ 36 40 25 36 25 16 9 49
- 11 3
+ 36 25 16 26 13 39 48 47 10 27 2 27 49 27 49 27 49 27 49 27 49 27 49 27 49 27 49 27 49 27 49 27 49
- 22 37 5 37 13 13 37 28 13 13 33 7
+ 12 9 41 39 9 49 28 13 43 35 9
+ 12 26 17 43 27 0 17 47 49 27 49
- 12 3 26
+ 23 27
+ 13 40 19 18 27 0 46 1 44
+ 13 28 10 41 22
- 19 31 26 26 13 39
+ 22 37 13 37 37 33 7
- 3 13 4
+ 22 13 13 13 13 37 37 37 13 13 13 33 7
+ 12 9 49 18 18 35 46 1 8
- 13 21 3 48 17 49 14
- 29 40 1 25 34 6 27
- 23 46 4 11 21
- 23 44 27
+ 36 25 8
+ 23 16 26 13 37 43 35 26 36 46 13
- 22 13 13 37 37 37 37 33
+ 13 35 13 38 22 36
+ 13 11 24
- 47 25
- 12 49 48 39 19 13 0 5 37 48
- 15 37 33 23 7
+ 23 27
- 23 9 41 22 11
+ 36 40 40 25 16 26 17 17 49 43 39 1 0 16 49 8
+ 13 43 37 13 13 13
+ 13 43 22 35
- 13 28 35 23 45 42 45
+ 36 25 44
- 27 10 33 47 33 22
- 36 40 40 40 40 40 40 25 28 44
+ 36 25 16 26 19 18
- 27 17 12 7
- 36 23 25 3 47 11
+ 36 40 25
- 33 46
- 25 16 9 41 48
- 13 39 33 7
- 12 48 5 49 27 49 27 33 49
+ 22 13 37 37 37 13 13 33 7
+ 12 26
- 36 22 40 40 40 40 25 16 26 13 37 16 26 39 20 33
- 4 12 9 41 38 17 11 25 46
- 23 40 40 1 25 23 40 25 27
- 13 5 27 29 17 40 19 36 36 24
+ 13 35 17 17 4 10 10 10 22 36 14
- 12 23 48 14 47 39 1
- 13 45
- 13 22 24 26 49 28
+ 36 25 44
- 6 27 4 40 33 7
- 36 40 14 25 16 45 38 22 5
- 36 25 3 37 19 20
+ 27 37 13 13 37 37 37 33 7
- 13 37 31 1
+ 12 48 17 49 9 27 27 27 27 27
- 31 27 15 33 7
+ 12 26 19 18 27 27 0 17 47 30 15 33 8
- 23 37 26 46 49 28 43 45 45 45 44 48 19 4 43 40 35 32
+ 23 27
+ 23 27
- 12 9 41 37 13 43 48 46 20 48 39 9 49 43 8 16 10 10 10 10 10 10
- 0 36 24
+ 12 9 49 18 46 27 36 17 25 33
- 25 48 16 34
- 2 22 7
+ 23 27
+ 36 25 8
+ 12 9 41 39 9 49 28 16 6 37 43 48 22
- 49 22 37 6 7
- 36 24
- 30 16 1 1
- 36 36 40 25 27
+ 12 9 49 8 28 30 18 39 28 16 32
- 12 26 19 4 47 0 18 18
- 24 26
+ 12 26 13 30 8 46
- 33 17 14 39 36 37 25 44
- 17 40
+ 13 43 46 43 18 15 49
- 35 4 36 29 0 29 19
- 13 37 13 39 27 33 7
+ 12 26
+ 12 26 19 18 27 0 17 43
- 0 33
+ 13 22 24 47 46 47 43 37 16 32
- 13 27 7
+ 36 25 3 11 17 17 17 17
- 10 26
- 25 43 48
+ 23 27
- 3
- 12 26 19 18 0 18 0
+ 23 27
- 12 26 17 47 39 1 24 49 27 49 18 49 17 49
- 0 33
+ 23 27
- 12 48 17 3 26 30 15 33 33 34 24 19 8
+ 36 25 8
- 6 25 13
+ 23 27
+ 13 46 26 26 17 17 3 27 16 49 43 10 27 49 27 49 27 49 27 49
- 16 28 19 41 27 0 19 18
- 12 47 41 46 43 48
+ 13 11 24
- 13 21 37 16 41 28 17 37 16 9
+ 22 37 37 13 13 13 13 13 13 13 33 7
- 33 1 12 27
+ 36 25 3 16 41 37
+ 13 43 22 46 47 26 6 39 48 43 27 0 13 37 27 30 43 43 48
- 6 27 27 33
- 48 11 22 44 29
- 9 33 33 23
+ 12 26 46 41 46 35 26 30 16 9
- 26 9 49 28 13 48 43 35 6 22 35 6 17 17 3
+ 12 26 46 49 28 27 29 22 5
+ 13 43 46 43 18 15 49
- 12 19
- 12 33 48 47 43 39
+ 12 9 1 3 11 20 34 34 20
- 13 39 33 7
+ 12 48 43 0 46 49 8 28 22 15 36 24
+ 12 48 43 0 13 30 28
+ 36 25 44
+ 12 48 43 0 46 41 46 43 33
- 13 26 41 32
- 40 40 14 25 16 26 13 37 43 4 3
+ 22 37 13 33 7
+ 12 48 17 0 0
+ 27 13 13 37 37 13 13 13 33 7
- 15 23 26 27
- 33 33
+ 36 40 25 3 47 47 11 34 34 20 17
- 2 29 35
- 13 13 37 22 13 37 13 13 7
- 37 19
+ 13 22 24 47 22 24 47 46 26 9 41 22 28 10 41 11 24
- 12 22 13 37 33 7
- 36 23 25 3 47 11
+ 36 25 36 40 40 40 40 40 40 25 3
- 36 40 40 40 29 4 6 40 25 8
- 35 12 26
- 13 14 19
- 28 34 19 18 0 17 43 42 0 13 39 26 13 38 30 28 43 35
+ 12 9 41 22 46 26 26
- 47 40 16
- 12 48 43 0 19 18 27 27 0 47 16 0 39 24
+ 12 48 17 4 22 36 10 14
- 13 40 46 47 10 27 16 49 27 27 49 27 49 27 49 27 49 27 49
- 0 45
- 36 10 25 2
- 3 43
+ 27 13 13 13 37 37 33 7
+ 22 13 13 13 33 7
- 36 40 26 17 23 38 13 43
+ 12 9 1 16 48 43 0
+ 12 48 43 27 0 46 41 39 26 13 37 48
+ 13 22 24 26 26 46 49 8 28 30 28
- 12 9 41 46 43 22 36 15 24
- 16 18
+ 12 9 49 8 28 30 18 39 28 16 32
- 3
+ 36 25 36 40 40 25 36 40 25 36 40 40 40 25 8
+ 12 48 43 0 17 17 0 0
- 12 26 19 18 30 0 46 1 27
- 36 25 32 0 13 16 1
+ 23 27
- 27 13 13 37 37 13 13 18 37 33
+ 12 26 19 18 27 0 46 41 37
+ 12 48 17 3 27 30 10 33 7
- 46 22 33 7
- 36 16 48 49 20 9
+ 36 25 3 16 41 30
+ 27 13 13 33 7
- 27 37 37 9 7
+ 23 16 9 41 46 23 26 9
- 18 21 26 17 17 49
+ 27 13 13 13 37 37 33 7
- 17 13 20 18
- 12 9 31 1 8
- 12 9 49 8 1 1 30 18 48
+ 22 37 37 37 37 13 33 7
+ 22 37 37 13 13 37 13 37 37 13 37 13 13 13 13 37 37 37 13 33 7
- 42 48 37 0 17 1
+ 36 25 44
+ 22 37 13 33 7
- 9
+ 23 27
- 3 1 11 34 17 17 34 20 17
+ 13 40 46 1 36 25 36 25 13
+ 22 37 13 37 37 33 7
- 36 40 40 40 15 40 40 47 40 40 25 16 26 19 18 27
+ 36 40 25 16 26 13 38 48
+ 13 40 46 1 36 25 44
- 36 34 25 27
- 23 16 26 17 8 1 37
- 27 26 7
- 27 37 37 9 7
+ 12 48 43 27 27 0 17 17 0 39 44 48 15 24
+ 22 37 13 33 7
+ 12 26 46 49 18 17 25 23 5
+ 27 37 13 13 37 37 37 33 7
- 40 40 40 32 0
- 13 17 13 7
+ 13 15 49
+ 13 11 24
- 40 33 32 7
- 13 1 27
+ 12 9 41 39 9 1 3 47 11
- 12 9 41 37 13 43 48 46 20 48 39 9 49 43 8 16 10 10 10 10 10 10
+ 23 3 16 49 28 27 29 22 36 11
- 22 13 33 18 22 7
+ 23 16 26 13 22 43 38 33
- 0 36 24
+ 22 13 13 13 13 13 13 13 37 33 7
+ 36 25 8
- 26 36 25 5
