- 9 24 18 39 8 44
- 25 39 40 6 48
- 22 41
- 49 1 41 27 28 29 10 29 8
+ 44 5 1 24 13 31 30 19 27 38 48 31 6 6 10
+ 49 1 14 35
- 6 7 49
+ 46 1 37 39 11 39 25 26 39 25 5 39 11 39 25 26 39 25 5 39 25 26 39 25 26 39 25
+ 10 17 3 3 3 14 6 38 39
- 40 4 46 44 30
- 33 42 1 25 1 6 46 1 6 40
- 46 9 23 41 1 14 19 36 35
+ 46 9 23 44 22 48 28 27 48 31 6 13
+ 6 38 39 44 44 8
+ 0 44 31 3 3 3 3 14 44 44 3 7 22
+ 6 4 1 25 6 13
- 41 44 31 3 14 29 35
+ 7 38 28 23 19 36 2
+ 0 16 31 3 3 3 3 3 3 14 28
- 38 38 41 5 24
- 6 2
+ 46 22 38 17 48 14 49 19 27 19
- 7 38 12 43 39
- 25 41 2 26 39
+ 49 40 6 46 10
- 10 17 1 43 39 44 44 44 31 8 44 44 8 8 44 8 8 44
+ 43 39 44 44 8 44 8 44 8 8 44 8 8
- 25 6 28 25 7
- 7 16 40 6 38 44 44 8 8 44 7 8
+ 0 31 14 46 9 1 1 1 23 1 38 44 44 44 9 23 1 38 13 38 23 22 38 28 21 41 19 36 5 1 24 36 14 24 1 24 1 24 13 10
- 44 8 5 1 24 13 10
+ 43 39 8 44 44 44 8
+ 6 38 39 44 8 44 8 44 44 8 44
- 46 2 36 16 6
+ 25 6 27 10 17 3 14 43 39
+ 25 6 6 10
+ 7 38 14 25 6 48 49
+ 7 48 14 44 11 27 27 16 27 48
- 44 22 48 17 49
- 39 49 1 28 27 49
- 37 40 35
+ 6 38 39 8 8 8 44 44 44
- 0 16 25 31 3 14 19 41 40 6
- 11 44
- 0 30 7 3 36 14 48
- 34
+ 33 38 39 8 8 44 8 8 8
- 43 39 44 44 15 8 8 8 8 8
- 3 10
- 38 28 21 17 38 16 13 10
+ 25 6 46 1 46 9 23 13
+ 43 39 8 44 8 8
+ 49 1 28 21 1 46 28 17 37 39 11 39 11 39 25
- 35 43
+ 46 44 22 16 6
- 10 29 39 8 38 8 44
- 21 30
+ 46 9 1 23 1 37 39 25 26 39 11 39 11 39 25 26 39 25 26 39 11 39 11 39 11 39 25 5 39 11 39 11 39 11 39 25 5 39 11 39 11 39 25 5 39 25 5 39 25
+ 43 39 8 8 8 8 44 44 8 44
- 25 8
- 49 27 48 14 7 48 14 6 26 4 31 44 3 23 7 22 14 24 1 24 3 24 1 34 36
- 37
- 43 39 8 8 44 20 8
- 32 28 38
- 36 33 38 39 44 31 44 44 8 8
+ 49 19 27 44 6
- 46 30 23
- 42 36
+ 6 38 39 8 44 8 44
+ 44 44 44 31 32
- 4 43 36
- 22 49 38 39 42 44 8 8 19 44
- 27 39
+ 46 13 38 23 9 1 1 23 41 19 27 40 6 27 28
- 49 19 36 42 5 31 13 33
- 21 47
+ 46 44 9 1 1 23 13
- 49 27 48 28 21 1 37 39 11 39 11 39 25 35 26 39 25 26 39 25 5 39 25 26 39 11 39 33 5 39 25 26 39 20 39 11 39 35 25
- 12 29 28
+ 44 3 7 22 7 22 7 37 24 1 24 36
+ 46 9 23 22 48 41 13 10
- 14 13 7
+ 25 6 27 10 17 3 14 43 39
- 6 49 39 8 44 32 8 29 45 44 8
- 43 8 8
- 49 6
+ 46 41 1 17 49
+ 7 16 39 1 17
- 13 17
- 25 6 6 1 33 4 1 25 6 36 1 6 13 1 35
+ 33 38 39 44 44 44 8
+ 7 16 27 44 35
- 8 48 6 48
- 12 31 44 31
- 0 31 3 3 3 3 14 10 45 29 6 38 39 8 8 44 8 44 8
- 34
+ 0 31 14 28
- 10 29 12 38 48 17
+ 7 38 14 25 6 6 10
- 39 44 44 44 44
- 43 39 38 8 44 33 8 8 8 8
- 46 9 23 9 45 1 1 1 1 23 44 13 38 23 9 1 1 23 13 38 23 22 48 41 27 46 44 41
+ 49 19 36 44 5 0 22 7 37 24 36 7 37 24 36 14 24 13 27 0 37 24 36 7 22
+ 49 19 36 3 7
+ 0 44 44 44 44 44 31 14 43 39
- 11 32 44 37 21
+ 46 22 38 17 38 17
+ 25 6 48 16 27 49 19
- 25 6 46 1 33 38 39 1 8 44
+ 7 48 31 6 13 1 35
- 33 45 38 39
+ 25 6 48 48 14 35
- 5 10 36 30 44
- 43 39 44 8 8 8 8 8 44 44 44 8 8 8 8 8 8 8 18
- 25 6 27 40
- 6 8 4
+ 6 38 39 44 44 44 44 44 44 8 8 8 8 8 8 44 44 44 44 8 8 44 8 8 8 8 8
+ 46 9 1 1 1 1 1 1 23 22 48 17
+ 0 31 14 44 11
+ 0 44 44 16 16 16 16 44 31 14 25 6 13
- 23 31 14 0 16 16 16 44 16 44 31 2 14 33 4 10
- 15 44
- 0 48 14 0 16 44 16 27 44 31 3 3 3 3 14 25 6 8 38 17 38 28 21 44 9 1 23 1 46 17 37 39 11 39 25
+ 44 5 0 22
- 35 19 4 1 48
- 25 6 24 38 41 13
+ 44 3 14 24 36 14 24 3 24 1 24 3 24 13 27 1 24 3 24 36
- 48 41 23
- 4 1 33 13 35 38 39 44 44 44 8 8
+ 6 38 39 44 8 44 8 8 8 8 8
+ 49 38 16 46 1 0 16 16 31 3 3 3 14 43 39 8 44 44 8 8 44 8
- 43 39 44 8 8 8 8 8 44 44 44 8 8 8 8 8 8 8 18
- 24 17 38 31 6 46 1 8
+ 43 39 8 8 44 44 44 8 8
+ 0 44 16 31 3 14 43 39 44 44 44 8 8 8 44 8 8
- 33 38 42 39 44 8
- 42 0
- 19 42 45
+ 46 22 48 41 48 38 31 6 13 10
- 48 45
+ 6 4 1 10 17 14 10 29 44 44 15 8 31 49 30
+ 25 6 48 38 41 46 10
+ 43 39 44 8 8 44 44 8 44 8
- 33 42 1 25 1 6 46 1 6 40
- 48 0 21
- 35 33 38
- 40 22 49 36
- 24 17 38 31 6 46 1 8
- 30 0 34 7
- 4 19 48
- 35 19
+ 25 6 27 49 7
+ 46 22 38 17 38 17
+ 49 19 36 3 7 37 24 3 24 0 37 24 0 22 14 24 3 24 3 24 13 27 1 24 1 24 13 27 1 24 3 24 36 14 24 13 31 3 7 22 14 24 36
- 33 1 6 31 4 49 19 36 2
- 38 28
- 47 40 6 6 1 46 1 46 28 28 28 28 28 28
- 34 8 8 29 8 8 8 8 8 44 44
- 43 33 10
+ 49 19 36 30 40 6 13 1 25 6 27 35
- 44 38 39 8
- 33 38 18 8 8 8 21 44 8 8 44 8 8
- 25 6 20 38 49
- 43 39 8 8 44 20 8
- 34 49 26
- 44 31 49 34 25 46
- 44 44 31 12 18 18 20
+ 10 29 46 1 46 17 38 22 38 17 16 39 38 49
+ 25 6 48 38 41 46 10
- 21 47
+ 43 39 8 8 8 8 44 44 44 8 44
- 25 6 27 30 28 31 3 14 28
- 43 39 8 8 44 8 8 8 44 0 44 8 8 8 44 8 44
+ 0 44 44 16 44 31 14 44 5 3 24 1 24 0 37 24 1 24 36 14 24 1 24 1 24 36 14 24 0 37 24 1 24 3 24 3 24 13 10
+ 49 1 28 21 1 46 28 17 37 39 11 39 11 39 25
- 0 31 14 43 39 24 44 8 44 48 8
+ 0 16 16 31 14 0 16 44 16 16 16 44 31 3 3 14 48
- 46 7 46 28
- 19 31 46
- 24 44 31 14 8
+ 6 4 1 33 38 39 44 44 44 44 44 44 8
- 33 38 39 8 8 8 44 11 8 8 43 8 44 44 8 8 8 44
- 10 25 6 46
- 7 7 48 27
+ 6 38 39 44 8 8 8 8 8 8 44 8 8
- 49 17 48 6 46 43 35 44 8 44 8 44 23 44
- 27 11 29 48 28
+ 43 39 8 8 8 8 44 44 8
- 44 40 6 13
+ 46 9 1 1 23 13 38 23 13 38 23 44 1 46 28 17 38 22 38 17 16 27 33 4 10
+ 46 1 38 9 23 9 1 23 44 41 1 14 33 38 39 44 8 44 44 8 8 44
+ 7 38 41 48 48 31 6 46
+ 0 16 16 31 14 0 16 44 16 16 16 44 31 3 3 14 48
- 45 14
+ 43 39 44 44 8 44 8 44 8 8 44 8 8
- 4 43 46 39 8 11 8 44 8
- 46 9 23 1 23 1 37 39 25 26 36 39 43 39 11 39 37 25
+ 49 19 36 44 35
- 21 19
+ 0 44 44 16 44 31 14 44 5 3 24 1 24 0 37 24 1 24 36 14 24 1 24 1 24 36 14 24 0 37 24 1 24 3 24 3 24 13 10
- 25 6 39 38 14 28
- 25 6 1 28
+ 44 3 7 22 7 22 7 37 24 1 24 36
+ 49 1 14 43 39 44
+ 6 38 39 44 8 8 8 8 8 8 44 8 8
+ 6 4 1 49 1 28 21 1 37 39 25 5 39 11 39 11 39 11 39 11 39 25 5 39 25 26 39 25
- 8 10 45 8
- 16 18 39 44 9 15
+ 46 44 9 1 1 23 13
+ 10 17 14 6 4 1 10 29 33 4 10
+ 49 40 6 39 1 28 23 27 16 13
- 44 3 37 24 3 24 0 37 24 3 24 13 31 2
- 43 28
- 6 49 39 8 44 32 8 29 45 44 8
- 10 41 14 11 36 2
+ 25 6 6 10
- 27 39
- 33 15 43 39 8
- 44 10 27 40 6 48 48 28 23 27 48 28 27
+ 44 31 49 30 49 7 30 25 18
- 7 27 27 46 49 1 41 48 23 18 14 43 39 44 44 8
+ 7 38 41 27 10 29 7
- 34
- 0 31 14 10 17 14 6 38 39 8 8 8 44 44 8 8 14 8 8
- 14 6 12 44 44 44
+ 49 40 6 39 1 28 23 27 16 13
+ 49 27 48 14 35
+ 43 39 8 44 8 44 8 44 8 8 44
- 6 14 24 3 24 36
- 10 29 49 49
- 46 44 37 1 46 17 38 1 46 17 46 17 38 44 13 38 1 23 44 44 44 44 38 1 46 17 38 44 1 47 28
+ 43 39 44 44 44 8 8 44
- 44 31 49 34 25 46
- 7 38 17 38 17 38 8
+ 33 38 39 8 8 44 8 44
- 34
- 33 23
- 10 29 0 31 3 14 29 7 17 14 3
+ 0 16 44 31 3 14 25 6 13
- 21 19
+ 44 44 44 31 32
+ 49 19 36 44 35
+ 6 38 39 8 8 8 44 44 44
+ 0 31 14 7 48 28 23 19 36 2
- 25 6 27 16 45 0 16 16 16 16 16 31 14 26
+ 25 6 6 10
+ 10 17 14 48
+ 7 48 14 10 17 14 46 22
- 18 23 7
+ 46 41 27 48 28 21 13 38 1 1 1 23 44 41 44 30
+ 46 9 1 23 1 37 39 25 26 39 11 39 11 39 25 26 39 25 26 39 11 39 11 39 11 39 25 5 39 11 39 11 39 11 39 25 5 39 11 39 11 39 25 5 39 25 5 39 25
- 6 38 37 44 44 44 44 8 44 8 8 8 44 8
- 10 6 4 1 35
+ 0 16 16 44 31 14 44 2
+ 46 41 1 28 23 40 6 6 10
+ 25 6 39 19 27 44 6
+ 10 17 14 10 29 35
- 17 44 8
- 43 39 8 44 44 8 8 8 44 8 8 44 44 8 44 44 44 8 44 44 44 44 8 44 15 44 44 44 8 44
+ 44 11 36 30 1 17 38 31 6 39 27 48 41 13 1
- 34 1 48
+ 0 44 44 44 16 16 31 3 14 10 17 3 14 25 6 13
+ 0 44 31 14 33 38 39
- 33 4 8 10
- 10 17 14 12 33 38 39 44 8 8 8 8
+ 43 39 8 8 8 8 44 44 44 8 44
+ 10 29 46 1 46 17 37 39 11 39 25 5 39 11 39 25 26 39 25 26 39 25
+ 25 6 6 10
+ 49 40 6 39 19 36 44 5 36 7 37 24 3 24 36 7 22 14 24 13 10
- 49 1 1 31 6 48
+ 10 17 14 10 29 35
- 0 48 14 0 16 44 16 27 44 31 3 3 3 3 14 25 6 8 38 17 38 28 21 44 9 1 23 1 46 17 37 39 11 39 25
- 4 19 48
- 7 48 28 10 1 46
- 49 19 19 9 9
+ 10 17 14 48
- 33 33 4 10
+ 10 17 14 6 4 1 10 29 33 4 10
+ 0 16 31 3 14 35
+ 46 44 44 22 49
+ 6 38 39 8 8
- 33 12 38 8
+ 6 38 39 8 8 8 8 44 44
+ 10 17 14 43 39 44
- 49 1 31 6 1 1 40 17 49
+ 46 1 37 39 25 5 39 25 26 39 25 5 39 25 26 39 11 39 11 39 25 5 39 11 39 25 5 39 25 26 39 11 39 11 39 11 39 25 26 39 11 39 25 5 39 11 39 25 5 39 11 39 11 39 25 5 39 25 5 39 11 39 11 39 11 39 25 26 39 11 39 25 5 39 25 5 39 11 39 11 39 11 39 25 5 39 11 39 25 26 39 25 5 39 11 39 25
- 33 38 39 44 38
+ 0 16 31 3 3 3 3 3 3 14 28
+ 44 3 14 24 1 24 13 10
- 49 11 40 6 46
- 29 39 8 44 44
+ 25 6 39 40 6 6
+ 0 44 44 44 44 44 31 14 43 39
- 34 49 26
+ 43 39 8 44 8 44 44 44 44
- 47 40 6 6 1 46 1 46 28 28 28 28 28 28
- 27 25
- 15 31 16 12
- 25 6 28 25 7
+ 0 31 14 7 48 28 23 19 36 2
- 0 44 21 3 25 6 26 48 4
- 42 46 45 9 23 8 46 17 38 47 48 17 48 41 13
- 41 34 8 8 44
- 44 5 0 37 24 36 7 37 24 0 37 24 1 24 36 14 24 0 37 24 13 31 3 14 24 3 24 42 1 24 1 24 0
- 43 8 8
- 13 40 6 10 13 1 35 35
- 29 0 16 44 44 44 44 16 4 14 49 27 16 43 27
+ 10 29 43 39 8 44 44 44
- 49 19 36 42 5 31 13 33
+ 43 39 44 8 8 8 8 44 44 44 44 44 44
+ 44 31 49 38 16 45 40
- 0 16 48 31 3 3 3 3 3 14 4 10
- 13 10 14 41 39
- 49 46 11 27
- 17 10
+ 0 16 16 31 14
+ 25 6 6 10
+ 44 11 27 44 30
- 20 25 6 10 10
+ 43 39 44 44 8 8 8 8 8
- 31 19
+ 25 6 48
+ 43 39 8 8 8 8 44 44 8 44
+ 44 31 45 40 45
- 10 17 14 12 33 38 39 44 8 8 8 8
- 0 44 14 16 31 3 14 44 35
+ 43 39 44 44 8 44 8 44 44
- 49 27 48 28 21 1 37 39 11 39 11 39 25 35 26 39 25 26 39 25 5 39 25 26 39 11 39 33 5 39 25 26 39 20 39 11 39 35 25
- 10 48
+ 46 41 1 17 49
- 46 42 44 41 44 30
- 0 31 3 3 3 3 3 48 3 35 3 3 3 35 14 44 5 0 37 24 0
+ 10 29 44 30 27
+ 25 6 6 1 10 17 14 28
+ 10 17 14 6 38 39 44 8 44 44
- 37
- 46 4 10
+ 43 39 8 44 8 44 44 44 44
- 49 1 31 6 1 1 40 17 49
+ 49 40 6 39 19 36 44 5 36 7 37 24 3 24 36 7 22 14 24 13 10
+ 46 1 37 39 25 5 39 11 39 11 39 25 26 39 11 39 11 39 25 5 39 11 39 11 39 11 39 11 39 11 39 11 39 25 26 39 11 39 11 39 25
- 25 6 6 1 10 14 10 17 3 20 3 14 25 6 46 10
- 5 7 17 32 49
- 33 39 43 44 8 8
- 40 4 46 44 30
+ 46 9 23 1 46 28 17 37 39 25 5 39 11 39 25 26 39 11 39 11 39 25
+ 33 4 1 25 6 39 19 27 44 30
+ 10 17 14 46 41 38 38 28 21 9 1 1 1 23 13 38 1 1 23 44 22
- 25 6 6 1 33 4 1 25 6 36 1 6 13 1 35
- 27 15
+ 0 16 16 16 31 14 25 6 13
- 10 17 3 46 41 38 49
- 30 19 35
+ 46 44 13 38 23 1 37 39 11 39 11 39 11 39 11 39 11 39 25 5 39 11 39 11 39 25 5 39 11 39 11 39 11 39 25 26 39 25 26 39 11 39 25 26 39 11 39 25 26 39 11 39 11 39 25 26 39 11 39 11 39 11 39 25 5 39 25 26 39 25
+ 44 11 27 44 30
+ 10 17 3 3 3 14 0 16 44 16 44 16 16 44 16 31 14 43 39 44
+ 44 15 8 3 14 24 13 31 30 27 16 46 10
+ 0 31 14 44 11
- 44 38 39 8
- 6 42 1 40 2
- 6 4 1 10
- 19 31 46
+ 46 9 1 1 1 1 1 1 23 22 48 17
- 44 8 5 1 24 13 10
+ 46 9 23 1 46 28 17 37 39 25 5 39 11 39 25 26 39 11 39 11 39 25
- 10 29 49 49
- 25 7 6 17
+ 25 6 39 1 41 6 10
- 16 18 39 44 9 15
+ 44 3 14 24 36 14 24 3 24 1 24 3 24 13 27 1 24 3 24 36
+ 46 13 38 23 44 9 1 1 23 44 13 38 23 44 9 23 9 23 22 48 28 21 44 9 23 9 23 44 9 23 44 9 23 22 49
+ 0 16 44 44 16 31 14 43 39 8 44 44 44 44
+ 43 39 8 8 44 8 44 8 8 8 44 8 8 44 44 44 44 8 8 44 8
+ 25 6 48 38 14 43 39 44 44 44 8 8 8 44 44
- 25 6 27 40
+ 44 11 36 11 27 27 49
+ 10 29 7 16 46 1 33 4 10
- 49 6
+ 46 9 23 44 22 48 28 27 48 31 6 13
- 49 1 1 49
- 46 44 37 1 46 17 38 1 46 17 46 17 38 44 13 38 1 23 44 44 44 44 38 1 46 17 38 44 1 47 28
- 6 4 1 0 44 44 44 44 44 44 16 31 14 6 4 1 43 39 5 44 44 44 8 8
- 1 8
+ 46 44 13 38 23 1 37 39 11 39 11 39 11 39 11 39 11 39 25 5 39 11 39 11 39 25 5 39 11 39 11 39 11 39 25 26 39 25 26 39 11 39 25 26 39 11 39 25 26 39 11 39 11 39 25 26 39 11 39 11 39 11 39 25 5 39 25 26 39 25
- 30 48 17
+ 25 6 46 1 46 9 23 13
+ 7 38 41 27 10 29 7
- 0 31 3 3 3 3 3 48 3 35 3 3 3 35 14 44 5 0 37 24 0
+ 46 22 16 39 38 16 46
+ 44 44 3 14 24 3 24 0 37 24 3 24 13 27 3 24 0
- 43 7 31 8 12 44
- 46 13 38 23
+ 0 44 44 16 44 31 3 3 3 14 8
- 49 38 25 43 6 6
+ 46 22 38 17 48 14 49 19 27 19
+ 44 5 1 24 13 31 30 19 27 38 48 31 6 6 10
- 44 31 45 33 34
- 46 10 36 29 9 27 14 44 14 39
- 38 8 47 8
+ 43 39 8 8 8 8 44 8
- 10 17 3 3 14 17
- 46 41 44 34
- 49 27 48 14 7 48 14 6 26 4 31 44 3 23 7 22 14 24 1 24 3 24 1 34 36
- 33 4 8 10
- 10 41 14 11 36 2
- 33 4 27 1
+ 44 31 49 38 16 45 40
- 44 15 8 44 15 31 49 38 45 33 6 1 45
+ 33 38 39 44 8 8 8 44
+ 44 3 14 24 36 14 24 3 24 1 24 36 14 24 36
+ 49 1 31 6 39 38 38 17 16 46
- 37 9 38 48 14 12
+ 0 16 44 44 44 44 16 44 31 3 3 3 14 33 38 39 8 8 8 44
+ 33 38 39 8 8 8 8 8 8 44 8
+ 44 5 0 22
+ 43 39 44 44 8 8 44 8 8 44
- 26 47 35
- 19 0 14 23
- 44 44 31 14 7 38 41 6 10
+ 0 44 16 16 31 3 3 14 44 31 45 40 45 18 34
- 6 5 4 1 28
+ 46 13 38 23 1 37 39 11 39 11 39 25 26 39 11 39 25 5 39 11 39 11 39 25 5 39 11 39 25 5 39 25 26 39 25 26 39 11 39 11 39 11 39 25 5 39 11 39 25 26 39 25 26 39 11 39 25 26 39 11 39 25 5 39 25
- 7 48 46 41 1 43 39 8 5
- 19 46 44 9 1 1 23 41 1 31 6 27 35
+ 44 11 36 5 3 24 36
- 45 29 44 44 16 16 44 16 44 31 3 14 46 22 16 27 22 6
+ 33 38 39 44 8 44 44 44 44 8 8
+ 0 44 44 44 31 3 14 8
- 19 0 14 23
+ 6 4 1 44 35
- 44 20 38
- 0 16 31 3 3 4 3 14 33 38 39 8 44 8 44
- 44 17 9 20 7
+ 10 29 44 30 27
- 43 33 10
- 46 10 36 29 9 27 14 44 14 39
- 0 24
- 49 33
+ 33 4 1 0 31 14 7 49
- 46 41 44 34
- 42 17 31 28
- 30 37
- 24 44 31 14 8
- 0 31 14 46 24 44 27 38 27 16 39 19
+ 49 1 14 48
+ 0 44 31 3 3 3 14 25 6 27 35
+ 33 38 39 8 44 8 44 44 44 8 8 44 8 44 44 8 44 44 8 44 44
+ 0 44 44 16 44 44 16 31 3 14 7
- 46 42 44 41 44 30
+ 25 6 48 16 39 7
- 10 29 39 8 38 8 44
- 1 38 3 48 49
+ 0 16 44 44 44 16 31 3 3 3 3 14 48
+ 43 39 44 44 8 8 8 8 8
- 12 29 28
+ 46 13 38 23 1 37 39 25
- 33 9
- 37 9 38 48 14 12
- 49 27 38 14 33 16 4
- 30 0 34 7
- 0 24
+ 6 4 1 25 6 27 0 16 16 31 3 3 3 3 14 43 39 44 44 44
+ 0 16 16 16 31 14 25 6 13
- 18 43 19
- 7 11 41 13 16 19 49 27
- 6 38 39 49 8 8 8 44 3 44 8 44 8 20 44 8 44
+ 7 48 14 44 3 7 37 24 36 14 24 1 24 13 31 2
+ 46 1 37 39 25 5 39 11 39 11 39 25 26 39 11 39 11 39 25 5 39 11 39 11 39 11 39 11 39 11 39 11 39 25 26 39 11 39 11 39 25
+ 46 44 44 13 38 1 23 22 48 17 38 31 6 48 38 41 13 10
+ 46 9 23 22 49
+ 0 44 44 16 16 31 3 3 14 28
- 38 10
- 39 44 44 44 44
- 43 39 8 44 44 8 8 8 44 8 8 44 44 8 44 44 44 8 44 44 44 44 8 44 15 44 44 44 8 44
- 7 38 12 43 39
- 49 6 13
- 46 39 20 8
+ 43 39 8 44 8 8
+ 10 17 14 46 41 38 38 28 21 9 1 1 1 23 13 38 1 1 23 44 22
- 0 31 14 43 39 24 44 8 44 48 8
+ 0 44 31 14 7 48 14 25 6 6 1 33 4 10
- 15 31 16 12
+ 46 9 1 1 1 1 1 1 23 1 46 17 38 9 23 13 38 23 1 46 28 28 17 46
- 4 43 36
+ 10 17 3 14 46 1 37 39 11 39 11 39 25 26 39 11 39 11 39 11 39 25
- 13 31 3 3 14 38 25 6 39 1 41 6
- 24 21 38
+ 33 4 1 0 31 14 7 49
- 10 27 10 14
- 47 49 4 8
- 46 1 38 38 46 17 46 17 37 39 11 39 11 39 11 39 25 26 39 25 5 39 11 39 11 39 25 26 39 11 39 25 5 39 11 39 25 5 21 39 11 39 11 39 11 39 25 5 39 25 26 39 11 39 25 5 39 11 39 11 39 25 26 39 11 39 25 5 39 11 39 11 39 25 5 39 11 39 25 5 47 11 39 11 39 11 39 11 39 25 5 39 11 39 25 26 39 25
- 25 8
+ 10 29 49 19 27 27 38 31 6 13 10
- 14 15
- 25 6 1 28
- 0 44 44 16 44 16 11 31 3 14 49 1 41 39 46 36 44 35
- 33 45 38 39
+ 7 48 17 49
- 37 40 35
+ 43 39 44 8 8 8 44 8 44 8 8 8
- 10 17 3 3 14 49 11
+ 10 29 33 38 39 44 44 8 44 8
+ 10 17 14 48
- 10 6 4 1 35
+ 33 4 1 0 44 16 31 3 3 3 3 3 14 49 1 41 27 25 6 6 1 25 6 6
+ 0 16 16 44 31 14 44 2
- 44 31 45 33 34
- 49 33
- 10 17 3 3 14 17
- 44 11 36 12 2
+ 44 11 36 11 27 27 49
+ 25 6 48 16 39 7
+ 6 38 39 8 8
+ 33 38 39 8 8 8 8 44 8 44 8 44
- 44 17 9 20 7
- 25 6 46 44 33
- 0 44 21 3 25 6 26 48 4
+ 7 38 41 13 1 8
- 6 38 37 44 44 44 44 8 44 8 8 8 44 8
- 0 44 31 14 43 27 16 27 33 38 39 8
- 10 29 17 7 48 15 31 6 48
- 10 17 14 46 44 13 38 23 44 44 13 38 46 1 23 22 48 4 10
+ 7 38 28 23 19 36 2
+ 33 38 39 44 8 44 8 44 44 44 8 8 8 44 44 8
- 46 13 38 14 23 9 1 38 1 1 1 1 23 13 38 1 1 23 9 1 23 9 9 1 17 0 23 41 40 6 13
+ 7 48 17 49
+ 10 29 0 16 44 16 16 31 3 14 25 6 46 10
- 12 16
+ 43 39 8 8 44 44 44 8 8
- 32 43 39 44 8 40 44 44 44 8
- 25 38 17
+ 44 5 3 24 0 22 14 24 13 10
- 7 16 40 6 38 44 44 8 8 44 7 8
- 49 1 41 27 28 29 10 29 8
+ 10 29 33 38 39 44 44 8 44 8
- 3 38 6
- 44 15 8 44 15 31 49 38 45 33 6 1 45
- 41 22 24 32
+ 49 38 48 17 49
- 0 31 3 3 3 3 14 10 45 29 6 38 39 8 8 44 8 44 8
+ 49 38 16 46 1 0 16 16 31 3 3 3 14 43 39 8 44 44 8 8 44 8
- 10 10 17 3 25 46 1 48
+ 10 17 3 3 3 14 0 16 44 16 44 16 16 44 16 31 14 43 39 44
- 7 48 41 27 10 17 3 14 19 46 1 37 25 20 19 39 46 39 35 26 39 11 39 11 39 11 39 25
- 42 36
- 46 9 23 1 23 1 37 39 25 26 36 39 43 39 11 39 37 25
+ 43 39 44 8 8 8 44 8 44 8 8 8
+ 6 38 39 44 8 44 8 8 44 8 8 44 8 8 44
- 33 39 43 44 8 8
- 34 8 8 29 8 8 8 8 8 44 44
- 18 23 7
- 0 37 3 3 14 7 38 17 33 38 17 16 48 16 46 10
- 35 43
- 1 12
+ 46 22 38 14 43 39 8 8 44 44
- 7 2 37 46
+ 10 29 44 3 7
+ 0 44 44 16 16 31 3 3 14 28
+ 7 38 14 25 6 48 49
+ 10 29 44 11 27 44 30
- 49 27 38 14 33 16 4
- 25 46 44 41 38 20 49
+ 7 38 41 48 16 48 16 13 1 8
- 1 12
+ 7 48 17 49
+ 10 17 14 43 39 44
- 46 13 38 14 23 9 1 38 1 1 1 1 23 13 38 1 1 23 9 1 23 9 9 1 17 0 23 41 40 6 13
- 7 27 27 46 49 1 41 48 23 18 14 43 39 44 44 8
+ 25 6 48 48 14 35
- 6 8 4
- 27 11 29 48 28
+ 33 38 39 44 44 44 8
+ 10 29 6 38 39 8 8 44 8 44 44 8 8
- 40 22 49 36
- 22 21 35
- 44 44 31 14 7 38 41 6 10
- 10 29 17 7 48 15 31 6 48
- 35 33 38
- 24 41 7
+ 46 13 38 23 9 1 1 23 41 19 27 40 6 27 28
+ 43 39 44 44 44 44 8 44 8
+ 10 17 14 6 38 39 44 8 44 44
+ 0 44 31 14 7 48 14 25 6 6 1 33 4 10
+ 10 17 3 3 14 25 6 46 10
+ 7 16 39 1 17
+ 46 44 44 1 37 39 11 39 25 26 39 11 39 25 5 39 11 39 25
+ 49 19 36 3 7 37 24 3 24 0 37 24 0 22 14 24 3 24 3 24 13 27 1 24 1 24 13 27 1 24 3 24 36 14 24 13 31 3 7 22 14 24 36
- 33 23
- 38 28 21 17 38 16 13 10
- 31 19
+ 7 48 31 6 27 43 39
- 25 6 27 16 45 0 16 16 16 16 16 31 14 26
- 6 38 39 49 8 8 8 44 3 44 8 44 8 20 44 8 44
+ 25 6 39 19 27 19 27 1 28 27
+ 0 44 44 16 44 44 16 31 3 14 7
+ 0 44 44 44 16 16 31 3 14 10 17 3 14 25 6 13
- 24 41 7
+ 49 19 27 44 6
+ 33 38 39 44 8 44 8 44 44 44 8 8 8 44 44 8
+ 33 38 39 44 44 8 44 44 8 8
- 0 16 44 28 31 3 3 14 8
+ 33 38 39 8 8 44 44 8
- 13 17
+ 7 38 41 48 48 31 6 46
- 46 30 23
+ 6 4 1 10 17 14 10 29 44 44 15 8 31 49 30
- 42 38 39 40 13 6 27 27 28
- 17 16 46
- 40 10 17 15 14 43 39 44 44
+ 7 48 14 10 17 14 46 22
+ 46 9 1 23 41 27
- 28 1 16
+ 46 1 38 1 46
+ 44 5 3 24 1 24 0 37 24 36 14 24 1 24 1 24 36
+ 43 39 44 8 8 44 44
- 31 39 8 8 29 44 33 30 8 44
+ 44 5 3 24 1 24 0 37 24 36 14 24 1 24 1 24 36
- 10 25 6 46
- 33 38 39 8 44 44 44 44 44 44 8 8 44 8 36 8 44 44
+ 0 44 16 16 31 3 3 14 44 31 45 40 45 18 34
+ 43 39 8 8 44 8 44 8 8 8 44 8 8 44 44 44 44 8 8 44 8
+ 46 44 9 23 22 48 41 13 1 48
- 34 27 49
+ 7 16 27 44 35
- 7 7 48 27
- 25 33 6 46
+ 44 44 3 14 24 3 24 0 37 24 3 24 13 27 3 24 0
- 32 32
+ 6 38 39 8 44 8 8 8 44 44 8 8 44 44
- 44 40 6 13
- 9 48
+ 0 44 16 44 31 3 3 14 28
- 10 10 17 3 25 46 1 48
+ 6 38 39 8 44 8 44
- 9 24 18 39 8 44
- 25 6 48 16 13 42 28
- 25 41 2 26 39
+ 46 44 22 16 6
+ 46 1 37 39 25 5 39 25 26 39 25 5 39 25 26 39 11 39 11 39 25 5 39 11 39 25 5 39 25 26 39 11 39 11 39 11 39 25 26 39 11 39 25 5 39 11 39 25 5 39 11 39 11 39 25 5 39 25 5 39 11 39 11 39 11 39 25 26 39 11 39 25 5 39 25 5 39 11 39 11 39 11 39 25 5 39 11 39 25 26 39 25 5 39 11 39 25
+ 0 16 31 3 3 3 3 3 3 14 33 4
+ 33 38 39 8 44 44 8 44 44 8 8 8 44 44 44 44 8 44 44 8 8 8 8 44 44 44 44 8 44 44 44 44 44 8 8 44 8
- 7 2 37 46
- 5 30
- 9 4 7 10
- 13 40 6 10 13 1 35 35
- 22 49 38 39 42 44 8 8 19 44
- 31 39 8 8 29 44 33 30 8 44
- 32 32
- 37
+ 33 38 39 8 8 8 8 44 8 44 8 44
- 14 15
- 10 17 3 3 14 49 11
- 7 48 41 46 41 10 17 3 14 48
+ 44 30 44 6 30
+ 7 38 14 25 6 6 10
- 41 34 8 8 44
- 15 44
+ 44 3 14 24 13 31 31 45 12 18 18 40
+ 6 38 39 44 8 44 8 44 44 8 44
- 9 48
+ 10 29 0 44 16 44 31 3 3 3 14 10 17 3 3 14 49 19 36 2
+ 6 38 39 8 44 8 8 8 44 44 8 8 44 44
- 19 46 44 9 1 1 23 41 1 31 6 27 35
- 46 1 38 13 38 1 23 1 38 9 23 13 38 23 23 38 23 22 16 46 1 28
+ 10 17 3 14 46 1 37 39 11 39 11 39 11 39 25 26 39 25 5 39 25 26 39 25 26 39 25 26 39 11 39 25 26 39 25 26 39 11 39 11 39 25 5 39 25
- 44 5 0 22 14 24 24 1 24
+ 10 29 0 44 16 44 31 3 3 3 14 10 17 3 3 14 49 19 36 2
+ 49 1 31 6 39 38 38 17 16 46
- 37 23 44 44 1 38 9 1 18 22 38 28 27 49
- 32 43 39 44 8 40 44 44 44 8
- 10 29 0 31 3 14 29 7 17 14 3
+ 25 6 39 40 6 6
+ 10 29 7 49
+ 10 29 49 1 31 6 46
- 49 40 39 44 13
+ 46 9 23 22 48 41 13 10
- 49 40 39 44 13
- 7 35
- 0 44 14 16 31 3 14 44 35
- 44 11 36 12 2
+ 49 40 6 48 16 13
- 39 23 15
- 49 1 28 47 23 19 27 38 16 6
- 44 0 37 40 3 24 1 24 13 27 3 24 36 14 24 36 14 24 36
+ 33 38 39 8 8 8 8 8 8 44 8
- 5 30
- 46 1 38 13 38 1 23 1 38 9 23 13 38 23 23 38 23 22 16 46 1 28
- 13 10 14 41 39
- 6 5 4 1 28
- 7 48 41 46 41 10 17 3 14 48
- 0 16 44 44 23 3 46 13 46
- 6 4 1 10
- 7 34 16 25 38
+ 10 17 3 3 3 3 3 14 6 4 10
- 36 28
+ 0 16 44 16 31 3 14
- 48 45
- 45 22
- 43 39 44 44 15 8 8 8 8 8
+ 25 6 6 1 49 44 6 13
+ 0 31 14 46 9 1 1 1 23 1 38 44 44 44 9 23 1 38 13 38 23 22 38 28 21 41 19 36 5 1 24 36 14 24 1 24 1 24 13 10
+ 44 3 14 24 36 14 24 3 24 1 24 36 14 24 36
+ 46 22 48 14 33 38 39 44
+ 7 38 41 48 16 48 16 13 1 8
- 32 28 38
+ 43 39 8 44 8 44 8 44 8 8 44
- 33 38 39 8 8 8 44 11 8 8 43 8 44 44 8 8 8 44
+ 10 29 49 19 27 27 38 31 6 13 10
+ 25 6 39 19 27 44 6
- 17 44 8
+ 33 38 39 8 44 8 44 44 44 8 8 44 8 44 44 8 44 44 8 44 44
+ 0 44 31 3 3 3 3 14 44 44 3 7 22
+ 49 27 48 14 35
+ 10 17 3 3 3 3 3 14 6 4 10
+ 0 16 16 16 44 16 31 14 49 1 17 49
+ 25 6 48 16 27 49 19
- 42 46 45 9 23 8 46 17 38 47 48 17 48 41 13
- 38 8 47 8
- 10 14 4 1 24 16 31
- 22 41
- 14 6 12 44 44 44
+ 0 44 16 44 31 3 3 14 28
+ 49 19 36 30 40 6 13 1 25 6 27 35
- 27 15
- 14 3 35
+ 0 16 16 31 14
+ 43 39 8 8 8 8 44 8
+ 49 1 14 35
- 43 14 4 8 8 44 8 44 8
+ 25 6 39 19 27 19 27 1 28 27
- 29 0 16 44 44 44 44 16 4 14 49 27 16 43 27
- 17 10
- 6 11 35 8 1 49 3
- 17 16 46
- 0 37 3 3 14 7 38 17 33 38 17 16 48 16 46 10
+ 7 38 41 13 1 8
+ 33 38 39 44 8 8 8 44
- 42 38 39 40 13 6 27 27 28
+ 25 6 6 10
- 39 49 1 28 27 49
- 30 37
- 34 27 49
+ 10 29 44 3 7
- 13 31 3 3 14 38 25 6 39 1 41 6
- 3 38 6
- 36 4 49
+ 0 44 44 44 31 3 14 8
- 23 31
- 49 11 40 6 46
- 0 16 31 3 3 4 3 14 33 38 39 8 44 8 44
- 0 44 31 14 43 27 16 27 33 38 39 8
+ 7 48 41 27 49 44
+ 6 38 39 44 8 44 8 8 8 8 8
- 25 6 46 44 33
+ 46 44 13
+ 0 44 44 16 44 31 3 3 3 14 8
- 0 31 14 46 24 44 27 38 27 16 39 19
+ 46 1 38 1 46
+ 49 38 16 48
- 25 46 44 41 38 20 49
- 42 0
+ 0 31 14 28
- 26 47 35
- 8 10 45 8
+ 46 22 48 14 33 38 39 44
+ 33 38 39 44 8 8 44
- 36 4 49
- 19 42 45
- 49 1 28 47 23 19 27 38 16 6
- 46 4 10
- 0 12 31 9 3 14 35
- 18 43 19
+ 49 1 31 6 27 6 4 1 8
+ 43 39 44 8 8 8 8 44 44 44 44 44 44
- 39 23 15
- 33 38 39 44 38
+ 25 6 48
- 38 7 29 22 31 6 39 23
- 41 22 24 32
+ 0 16 16 16 44 16 31 14 49 1 17 49
- 7 38 17 38 17 38 8
+ 46 9 1 1 1 1 1 1 23 1 46 17 38 9 23 13 38 23 1 46 28 28 17 46
+ 7 48 17 38 17 16 27 35
- 38 41 43 5
+ 46 9 23 22 38 17 48 14 43 39 44
+ 0 44 31 14 33 38 39
- 17 28
- 24 21 38
- 0 44 5 44 16 16 16 8 44 16 16 31 3 3 3 14 44 5 36 7 22 7
+ 6 4 1 6 4 10
- 10 29 43 49 39 12 44 44
- 46 19 19
+ 10 29 46 1 46 17 38 22 38 17 16 39 38 49
- 25 6 39 1 17 38 39 23 44
- 39 7 29 32 4 27
- 10 27 10 14
- 0 16 16 31 14 43 31 46 41 44 14 28
- 25 6 6 1 10 14 10 17 3 20 3 14 25 6 46 10
- 40 38
+ 6 4 1 6 4 10
- 30 19 35
+ 49 38 16 48
- 44 5 0 22 14 24 24 1 24
+ 49 19 36 3 7
- 36 33 38 39 44 31 44 44 8 8
- 39 7 29 32 4 27
- 44 5 0 37 24 36 7 37 24 0 37 24 1 24 36 14 24 0 37 24 13 31 3 14 24 3 24 42 1 24 1 24 0
- 12 16
- 6 2
- 49 6 13
+ 43 39 44 44 8 44 8 44 44
+ 10 29 46 1 46 17 37 39 11 39 25 5 39 11 39 25 26 39 25 26 39 25
+ 10 29 6 38 39 8 8 44 8 44 44 8 8
- 36 28
- 15 13
+ 6 38 39 44 8 8 8 44 8 8 44
- 12 44 5 3 24 3 24 13 10
+ 33 38 39 44 8 8 44
+ 6 38 39 8 8 8 8 44 44
+ 49 19 36 44 5 0 22 7 37 24 36 7 37 24 36 14 24 13 27 0 37 24 36 7 22
+ 49 38 16 13 1 33 4
- 48 41 23
+ 7 16 27 6 4 10
+ 10 29 49 1 31 6 46
- 0 16 31 3 7 28
+ 44 5 3 24 0 22 14 24 13 10
+ 7 38 41 27 48
+ 25 6 39 44 13
- 5 7 17 32 49
- 7 38 14 11 7
+ 33 38 39 8 8 44 8 44
+ 6 38 39 8 8 44 8 8 44 44
- 46 7 46 28
+ 44 30 44 6 30
- 10 29 12 38 48 17
- 44 4 5 0 22 14 24 13 10
+ 6 38 39 44 8 8 8 44 8 8 44
- 44 3 37 24 3 24 0 37 24 3 24 13 31 2
+ 0 16 31 3 14 35
+ 0 16 44 31 3 14 25 6 13
- 19 16 45
- 10 14 4 1 24 16 31
- 20 25 6 10 10
- 10 29 19 6 38 39 44 7 8 8 44 44
- 30 23
- 6 38 39 49 22 20 44 8
+ 6 4 1 25 6 27 0 16 16 31 3 3 3 3 14 43 39 44 44 44
+ 44 5 1 24 1 24 1 24 3 24 1 24 13 27 36 14 24 0 37 24 3 24 1 24 0 22 7 22 7
+ 43 39 44 8 8 44 44
- 7 35
- 25 39 40 6 48
- 12 31 44 31
+ 6 38 39 8 8 44 8 8 44 44
+ 49 40 6 48 16 13
+ 49 38 16 13 1 33 4
- 49 1 1 31 6 48
+ 6 38 39 8 8
+ 25 6 48
- 43 39 38 8 44 33 8 8 8 8
- 34
- 25 6 48 16 13 42 28
- 49 27 16 48 48 6 46 1 28
- 38 38 41 5 24
+ 46 13 38 23 44 9 1 1 23 44 13 38 23 44 9 23 9 23 22 48 28 21 44 9 23 9 23 44 9 23 44 9 23 22 49
+ 7 16 27 6 4 10
- 43 39 13 48 27 44
- 6 42 1 40 2
- 33 12 38 8
- 6 46 44 8 8 8 8 8
+ 10 29 0 16 44 16 16 31 3 14 25 6 46 10
- 0 16 25 31 3 14 19 41 40 6
- 0 16 48 31 3 3 3 3 3 14 4 10
- 44 22 48 17 49
+ 7 38 41 27 48
+ 7 48 14 44 3 7 37 24 36 14 24 1 24 13 31 2
- 25 6 24 38 41 13
- 30 45
+ 46 44 44 1 37 39 11 39 25 26 39 11 39 25 5 39 11 39 25
- 6 11 35 8 1 49 3
+ 46 9 23 22 38 17 48 14 43 39 44
- 9 8
+ 33 38 39 8 44 44 8 44 44 8 8 8 44 44 44 44 8 44 44 8 8 8 8 44 44 44 44 8 44 44 44 44 44 8 8 44 8
+ 10 29 44 11 27 44 30
+ 46 41 1 17 16 13
- 42 17 31 28
- 21 30
- 12 44 5 3 24 3 24 13 10
- 7 38 14 11 7
+ 46 44 44 22 49
+ 10 17 14 48
- 33 1 6 31 4 49 19 36 2
+ 6 38 39 44 44 8
+ 0 16 44 16 31 3 14
- 49 27 16 48 48 6 46 1 28
- 0 12 31 9 3 14 35
- 49 1 1 49
- 7 11 41 13 16 19 49 27
- 23 31
+ 0 31 14 46 1 46
- 8 36
- 27 25
- 49 40 6 13 1 10 29 46 1 37 39 11 39 25 26 39 11 39 25 5 39 25 5 39 25 5 39 11 39 11 11 39 25 26 39 25
+ 44 31 49 30 49 7 30 25 18
- 33 15 43 39 8
+ 0 31 3 3 3 3 3 3 14 35
- 43 9 20 39 8 8 15 1 8 2 8
- 29 43 49 1
+ 49 19 27 44 30
- 0 30 7 3 36 14 48
- 38 17 3 14 15 33 34 1 28
- 49 38 9 48 31 6 47 6 49 10
- 38 10
+ 0 16 44 44 44 16 31 3 3 3 3 14 48
- 1 25 6 6 1 29 43 39
- 9 8
- 10 29 19 6 38 39 44 7 8 8 44 44
+ 0 44 44 16 31 3 14 33 38 39 8
- 25 7 6 17
+ 43 39 44 8 8 44 44 8 44 8
- 45 14
+ 33 38 39 44 44 8 44 44 8 8
- 25 38 17
- 14 13 7
- 7 38 17 23 34 31 6 1 48
- 44 0 37 40 3 24 1 24 13 27 3 24 36 14 24 36 14 24 36
+ 7 48 31 6 13 1 35
+ 44 31 45 40 45
- 5 10 36 30 44
- 47 49 4 8
+ 7 16 27 25 6 6 10
+ 6 38 39 8 44 8 44 8 44 44 8 8
+ 46 1 38 9 23 9 1 23 44 41 1 14 33 38 39 44 8 44 44 8 8 44
- 0 16 16 31 14 43 31 46 41 44 14 28
- 33 38 39 8 44 44 44 44 44 44 8 8 44 8 36 8 44 44
- 6 46 44 8 8 8 8 8
- 25 6 39 38 14 28
- 46 19 19
- 4 43 46 39 8 11 8 44 8
+ 44 11 36 5 3 24 36
- 33 33 4 10
- 7 38 17 23 34 31 6 1 48
- 45 22
+ 49 19 27 44 30
+ 10 29 7 16 46 1 33 4 10
+ 49 38 48 17 49
- 44 44 31 12 18 18 20
+ 46 44 13
+ 46 22 16 39 38 16 46
+ 10 17 3 14 46 1 37 39 11 39 11 39 11 39 25 26 39 25 5 39 25 26 39 25 26 39 25 26 39 11 39 25 26 39 25 26 39 11 39 11 39 25 5 39 25
- 40 38
+ 49 1 14 43 39 44
+ 10 29 43 39 8 44 44 44
+ 0 16 31 3 14 0 31 14 35
- 8 36
- 16 44 23 5 35
- 0 16 44 44 23 3 46 13 46
+ 33 4 1 0 44 16 31 3 3 3 3 3 14 49 1 41 27 25 6 6 1 25 6 6
- 49 40 6 13 1 10 29 46 1 37 39 11 39 25 26 39 11 39 25 5 39 25 5 39 25 5 39 11 39 11 11 39 25 26 39 25
- 7 48 46 41 1 43 39 8 5
+ 25 6 6 10
+ 10 17 14 33 38 39 8 8 8
+ 33 38 39 8 8 44 8 8 8
- 33 38 18 8 8 8 21 44 8 8 44 8 8
+ 46 41 27 48 28 21 13 38 1 1 1 23 44 41 44 30
- 49 19 19 9 9
+ 6 4 1 25 6 13
- 29 43 49 1
- 1 38 3 48 49
+ 0 44 31 3 3 3 14 25 6 27 35
- 46 13 38 23
- 6 38 39 49 22 20 44 8
+ 7 48 14 44 11 27 27 16 27 48
+ 7 16 27 25 6 6 10
- 7 48 41 27 10 17 3 14 19 46 1 37 25 20 19 39 46 39 35 26 39 11 39 11 39 11 39 25
+ 6 38 39 8 44 8 44 8 44 44 8 8
+ 7 48 17 38 17 16 27 35
- 5 33 4
+ 10 17 3 14 46 1 37 39 11 39 11 39 25 26 39 11 39 11 39 11 39 25
+ 46 9 1 1 23 13 38 23 13 38 23 44 1 46 28 17 38 22 38 17 16 27 33 4 10
- 25 6 46 1 33 38 39 1 8 44
- 10 17 14 46 44 13 38 23 44 44 13 38 46 1 23 22 48 4 10
- 29 39 8 44 44
- 39 25 6 6 1 48
- 16 44 23 5 35
- 10 17 3 46 41 38 49
- 14 3 35
+ 46 1 37 39 11 39 25 26 39 25 5 39 11 39 25 26 39 25 5 39 25 26 39 25 26 39 25
+ 7 48 28 21 44 13 38 23 44 1 38 9 1 23 9 23 13 38 1 23 9 23 13 38 23 41 27 49
- 4 1 33 13 35 38 39 44 44 44 8 8
+ 0 16 31 3 3 3 3 3 3 14 33 4
+ 0 16 44 44 44 44 16 44 31 3 3 3 14 33 38 39 8 8 8 44
- 0 31 3 14 25 39 13
- 25 33 6 46
+ 0 16 31 3 14 0 31 14 35
+ 44 3 14 24 1 24 13 10
- 1 25 6 6 1 29 43 39
- 49 46 11 27
- 15 13
- 46 2 36 16 6
+ 46 44 44 13 38 1 23 22 48 17 38 31 6 48 38 41 13 10
+ 10 29 46 41 40 6 6 1 33 38 39 8
+ 33 4 1 25 6 39 19 27 44 30
- 48 0 21
- 33 38 42 39 44 8
- 43 39 13 48 27 44
- 30 23
- 6 14 24 3 24 36
+ 25 6 6 1 49 44 6 13
- 23 31 14 0 16 16 16 44 16 44 31 2 14 33 4 10
+ 43 39 44 44 44 44 8 44 8
- 28 39
+ 46 9 23 22 49
- 9 4 7 10
- 25 6 27 30 28 31 3 14 28
- 0 16 31 3 7 28
- 48 37 34
- 10 17 1 43 39 44 44 44 31 8 44 44 8 8 44 8 8 44
+ 44 3 14 24 13 31 31 45 12 18 18 40
+ 49 40 6 46 10
- 0 31 3 14 25 39 13
+ 6 38 39 44 8 44 8 8 44 8 8 44 8 8 44
- 32 34 39 0 18
- 28 39
+ 10 17 14 33 38 39 8 8 8
+ 49 1 17 48 28 23 40 6 46 1 6 4
- 35 19 4 1 48
+ 10 17 14 6 4 10
- 17 28
- 44 20 38
- 37 23 44 44 1 38 9 1 18 22 38 28 27 49
- 44 13
- 43 7 31 8 12 44
- 38 7 29 22 31 6 39 23
+ 25 6 6 10
+ 43 39 8 8 8 8 44 44 8
+ 46 41 40 6 46 1 46 1 38 22 38 31 6 46 10
- 43 28
+ 0 31 14 25 6 27 44 30 19 36 11 27 44 30
- 44 10 27 40 6 48 48 28 23 27 48 28 27
+ 43 39 8 44 8 8 8 44 44 8
+ 43 39 44 44 8 8 44 8 8 44
+ 46 13 38 23 1 37 39 11 39 11 39 25 26 39 11 39 25 5 39 11 39 11 39 25 5 39 11 39 25 5 39 25 26 39 25 26 39 11 39 11 39 11 39 25 5 39 11 39 25 26 39 25 26 39 11 39 25 26 39 11 39 25 5 39 25
- 0 44 44 16 44 16 11 31 3 14 49 1 41 39 46 36 44 35
+ 43 39 8 44 8 8 8 44 44 8
- 0 44 44 42 14 7 24 13 1 7 48 28 23 40 6 13 37
+ 46 41 1 17 16 13
- 30 48 17
- 0 44 5 44 16 16 16 8 44 16 16 31 3 3 3 14 44 5 36 7 22 7
+ 46 13 38 23 1 37 39 25
+ 6 38 39 44 44 44 44 44 44 8 8 8 8 8 8 44 44 44 44 8 8 44 8 8 8 8 8
+ 6 38 39 8 8
- 37
- 0 16 44 28 31 3 3 14 8
- 11 44
- 1 8
+ 25 6 27 49 7
- 32 34 39 0 18
+ 25 6 39 44 13
- 34 1 48
+ 25 6 39 1 41 6 10
- 0 31 14 10 17 14 6 38 39 8 8 8 44 44 8 8 14 8 8
- 3 10
- 10 29 43 49 39 12 44 44
- 38 41 43 5
- 6 4 1 0 44 44 44 44 44 44 16 31 14 6 4 1 43 39 5 44 44 44 8 8
- 22 21 35
- 37 48
- 37
- 7 34 16 25 38
+ 33 38 39 44 8 44 44 44 44 8 8
+ 46 44 9 23 22 48 41 13 1 48
+ 0 31 14 46 1 46
+ 10 17 3 3 14 25 6 46 10
- 38 17 3 14 15 33 34 1 28
- 33 9
+ 10 29 7 49
+ 44 5 1 24 1 24 1 24 3 24 1 24 13 27 36 14 24 0 37 24 3 24 1 24 0 22 7 22 7
- 10 48
- 38 28
- 7 48 28 10 1 46
- 43 14 4 8 8 44 8 44 8
- 46 9 23 41 1 14 19 36 35
- 46 1 38 38 46 17 46 17 37 39 11 39 11 39 11 39 25 26 39 25 5 39 11 39 11 39 25 26 39 11 39 25 5 39 11 39 25 5 21 39 11 39 11 39 11 39 25 5 39 25 26 39 11 39 25 5 39 11 39 11 39 25 26 39 11 39 25 5 39 11 39 11 39 25 5 39 11 39 25 5 47 11 39 11 39 11 39 11 39 25 5 39 11 39 25 26 39 25
+ 43 39 44 44 44 8 8 44
- 0 44 44 42 14 7 24 13 1 7 48 28 23 40 6 13 37
- 49 38 9 48 31 6 47 6 49 10
+ 0 16 44 44 16 31 14 43 39 8 44 44 44 44
+ 44 15 8 3 14 24 13 31 30 27 16 46 10
- 49 17 48 6 46 43 35 44 8 44 8 44 23 44
+ 0 31 3 3 3 3 3 3 14 35
- 30 45
+ 7 48 41 27 49 44
+ 44 11 36 30 1 17 38 31 6 39 27 48 41 13 1
+ 46 9 1 23 41 27
+ 6 4 1 49 1 28 21 1 37 39 25 5 39 11 39 11 39 11 39 11 39 25 5 39 25 26 39 25
- 13 36
+ 10 29 46 41 40 6 6 1 33 38 39 8
+ 0 31 14 25 6 27 44 30 19 36 11 27 44 30
+ 10 17 3 3 3 14 6 38 39
- 13 36
+ 0 44 44 16 16 16 16 44 31 14 25 6 13
- 33 4 27 1
- 46 39 20 8
- 11 32 44 37 21
- 25 6 20 38 49
+ 46 22 48 41 48 38 31 6 13 10
+ 43 39 8 44 44 44 8
+ 46 41 1 28 23 40 6 6 10
- 5 33 4
+ 46 41 40 6 46 1 46 1 38 22 38 31 6 46 10
- 48 37 34
+ 0 44 44 16 31 3 14 33 38 39 8
- 44 4 5 0 22 14 24 13 10
+ 25 6 48 38 14 43 39 44 44 44 8 8 8 44 44
- 8 48 6 48
- 43 39 8 8 44 8 8 8 44 0 44 8 8 8 44 8 44
+ 46 22 38 14 43 39 8 8 44 44
+ 7 48 28 21 44 13 38 23 44 1 38 9 1 23 9 23 13 38 1 23 9 23 13 38 23 41 27 49
- 35 19
- 19 16 45
- 49 38 25 43 6 6
- 40 10 17 15 14 43 39 44 44
+ 49 1 14 48
+ 10 17 14 6 4 10
+ 6 4 1 33 38 39 44 44 44 44 44 44 8
+ 33 38 39 8 8 44 44 8
- 44 13
- 25 6 39 1 17 38 39 23 44
+ 49 1 17 48 28 23 40 6 46 1 6 4
- 45 29 44 44 16 16 44 16 44 31 3 14 46 22 16 27 22 6
- 46 9 23 9 45 1 1 1 1 23 44 13 38 23 9 1 1 23 13 38 23 22 48 41 27 46 44 41
- 41 44 31 3 14 29 35
+ 6 4 1 44 35
- 28 1 16
+ 25 6 6 1 10 17 14 28
- 43 9 20 39 8 8 15 1 8 2 8
- 39 25 6 6 1 48
+ 49 1 31 6 27 6 4 1 8
- 37 48
+ 7 48 31 6 27 43 39
- 6 7 49
+ 0 44 16 31 3 14 43 39 44 44 44 8 8 8 44 8 8
+ 25 6 6 10
