- 2 5 24 32 48 46 45 15 22 24 6 22 24 6 37
- 44 13 40 46
- 29 4
+ 2 39 27 24 14 18 9 31 31
+ 2 5 46 15 26 15 34 33 5 46 48 15 11 0 16 31 3 14 10 33 15 10 33 44 33 44 17 12 37 43 15 40 30 7 11 39 27 24 21 30 6 15 6 44 0 24 27 24 27 40 37 43 18 18 0 24 27 40 6 6
- 39 6
- 40 13 44 10
+ 2 44 33 16 27 5 26 21 34 22 27 27 24 23
- 5 46 15 22 22 2
- 7
- 48 49
- 15 47
- 40 30 32 0 10 0 37 33 14 21 0 15 10 33
- 40 5 41
- 18 34 49
+ 2 5 24 7 15 43 21
+ 2 24 23 24 9 20 32 47 39 49 20 33 23 24 33 31 20 2 23 15 2 44 28
+ 2 24 23 34 7 24 6 15 47
- 40 43 2
+ 2 5 12 24 10 33 44 17 12 2 15 15 47
- 2 48 5 23 0 5 17 46 15 11 26 31 20 10 33 44 17 12 10 33 44 33
+ 40 25 33 16 31 20 32 37 42 36 44 18 18 36 33 23 24 2 0 15 47 39 49 20 10 33
+ 2 5 15 15 2 15 15 2 23 43 25 16 21 1 34 12 38
+ 2 24 31 0 15 18 9 31
- 7
- 2 37 19 23 10 4
+ 40 0 13 44 32 21 21 21 47
+ 2 24 23 24 9 20 10 33 44 33
- 40 21 1 34 4 15 12 15 8
- 5 37 34 31 0 11 44 16 14
- 4 28 40 4 23 15 0 13
+ 2 5 46 15 26 15 34 33 5 46 48 15 11 0 16 31 3 14 10 33 15 10 33 44 33 44 17 12 37 43 15 40 30 7 11 39 27 24 21 30 6 15 6 44 0 24 27 24 27 40 37 43 18 18 0 24 27 40 6 6
+ 40 28 44 32 21 47
- 24 35 45 37
+ 40 41 6 11
- 0 37
- 9 2
- 44 44 15 37 43 33 24 7 11 5 10 33 23 34 26 4 25 2
+ 2 40 10 33 15 37 26 34 34 33 39 23 15 22 13 10
+ 2 24 21 1 23 10 24 8 6 34 12 38
- 40 5 31 3 11 6 7 15 49 14
- 29 5 26 21 28 8 2 26 37 35 45
+ 40 28 8 15 30
- 15 48 37
+ 2 40 10 33 44 17 12 47
- 16 40
- 2 2 41 39
- 42 3 42 29 12 44
+ 2 24 14 30 6 28 8
+ 2 24 14 13 5 23 4
- 38 18 47
- 39 6
+ 40 34 0
+ 2 44 10 6 36 7
+ 2 40 47 39 41 9 3 14 10 33
- 39 15 14 0 13
- 24 9 40 31 31
- 29 14
- 40 47 31
+ 2 24 14 25 10 32 6 47 24 24 24 29
- 49 28 13
- 40 30 47 9
- 43 27
- 40 13 6 14 22 42 30 21 41 21
- 13 18
- 43 39 32 0 21 47 47
+ 40 34 26 48 15
- 3 41 6 34 38
- 18 28 20
- 40 35 32 47 7 47 21 21 21 21 47 21 47
+ 40 21 22 28 8
- 4
- 29 5 26 21 28 8 2 26 37 35 45
+ 2 24 21 35 32 47
- 2 40 24 21 41 25
- 1 37 40 1
+ 2 24 27 39 27 5 33 39 21 18 9 31
- 2 40 9 33 3 14 33 31 3 37
+ 2 24 31 0 15 22 15 45
+ 2 40 2 46 15 26 48 15 34 22
- 42 3 40 34
- 2 13 24 10 22 36 7 34 26 4 27 40 47 39
- 2 40 48 17 12 33 21 43 10
- 2 39 27 44 22 24 37 26 13 24 31 0 24 10 33 15 32 9 3 14 24 6 6 37 3 34 0 33 2
- 45 31
- 32 22 40 2 8 12
- 11 42 30
- 2 36 44 28 10 33 19 21 16 18 9
+ 2 40 2 27 27 24 27 44 33 15 6 7
+ 2 39 27 39 23
- 2 5 0 15 33 31 17 24 32 33 15 0 39 32
+ 2 39 21 1 11
+ 2 44 33
+ 2 39 21 49 14 6 23 14 6 48 23 48 34 12 27
+ 2 24 21 49 5 8 6 41 8 6 48 31 32 34 13 8 13 8 15 30
- 3 21 22
- 4 2 37 42 6 29
- 40 13 5 23 36 43 0 23 21 33 49 5 8 25
+ 40 0 15 15 2 37 45
- 41 38 36 22 38
- 40 4 21 14 23 5 8 6 48 49 32
- 41 25
- 40 5 28 45
+ 2 39 31 0 11 44 10 6 6 2
+ 2 5 33 44 33
+ 40 28 21 15 4 38
- 46 13 23
+ 2 24 14 18 9
- 2 6 47 29
- 9 9 39
+ 2 44 22 11 39 31 20 33 23 24 6 44 36 2 12 15 1 23 10
+ 40 43 15
+ 2 24 14 25 10 32 6 47 24 24 24 29
- 5 33 24 23 34 34 33 28 45
- 2 40 47 49 3 14 47 39
- 31 9 10
+ 2 44 10 6 36 44 16 36 9 20 6 47 24 29
- 19 4
+ 40 1 48 23 48 11
- 13 24 27 24 23 34 7 12 11 5 19 15 9 0 15 29 24 22 11 40 2 39 33 24
+ 2 39 31 3 14 33 14 4 23
+ 2 5 46 15 34 27 14 18 9
- 2 24 32 23
- 40 22 8
- 29 44 37
+ 40 1 48 23 48 11
+ 2 5 22 15 32 10 33 15 33 31 3
- 37 29
+ 2 5 46 15 11 23 26 38
- 40 30 7 11 40 43 18 43 3 4
- 17 39 21 1 43 21
- 5 33 24 23 34 34 33 28 45
+ 40 28 44 32 21 47
- 40 3 14 26 37
- 2 39 14 34 11 24 32 15 10 39
+ 2 5 46 48 48 48 48 48 15 22 22 22 11 44 2
- 38 29
- 2 40 6 39 47 29
- 29 21 20
- 44 16 10 33 44 17 12 47 39 41 2 19 44 33
- 34 11 48 15 15 8 30
+ 2 5 12 11 24 21 34 34 12 34 7 46 15 11 26
+ 2 5 23 15 2 5 15 28 8
+ 40 28 8 15 30
+ 2 39 27 5 33 5 46 15 22 22
+ 40 4 21 41 6
+ 2 44 10 47 39 41 47 39 41 37 42 32 19 15 6 47 24 29
- 49 28 13
- 40 7 49 25
- 49 29 37
- 37 18
- 47 42
+ 2 5 26 27 39 14 0 12 27
- 40 35 32 47 7 47 21 21 21 21 47 21 47
+ 2 5 15 28 45
- 2 44 33 33 12 36 10 9 3 14 27 33
+ 2 39 14 49 14 6 23 10 24 8 25
- 1 43
- 0 37
- 30 46
- 36 16 10
+ 2 5 24 47 29
- 26 9 37
+ 2 39 21 1 11
- 2 24 14 30 37 49 7 26 3 14 47 39 49 0 24 10 17 12 10 17 12 6 36 6 33 15 33 21 49 14
+ 2 44 10 6 36 7
- 46 13 23
- 22 47 40 22
- 27 25 35 29
+ 2 24 27 39 31 0 11 40 10 33 15 2 24 47 24 29
- 1 40 32 47 24 29
+ 40 34 0
- 7
- 3 21 22
- 36 29 37
+ 40 0 15 30 47 21 21
+ 2 5 46 48 15 11 12 11 39 14 22 38
+ 40 21 22 28 8
- 17 11 32
+ 2 39 23 15 39 32 21 21
- 26 22
+ 40 30 32 15 10 9 0 24 37 42 36 44 36 10 33
+ 2 5 27 31 3 14 6 47 24 24 29
+ 2 24 21 1 34 45
- 38 49
- 2 36 44 28 10 33 19 21 16 18 9
+ 2 40 2 19 10 33 31 3
+ 2 24 14 18 9
- 2 40 2 23 36 33 31 20 49 35 43 32 21 21
+ 40 43 15
- 2 5 17 25 28 37
- 2 19 44 10 32 47 19 39 49 20 47 39 49 0 24 2 15
- 1 48 31
+ 2 5 19 16 23 34 7 27 14 48
- 0 26 11 25 19 2 29
- 9 2
- 2 39 14 34 11 24 32 15 10 39
+ 2 24 14 41 6 48 31 35 31
- 22 2 39 21
- 38 29
+ 2 5 46 15 11 23 26 38
+ 2 5 26 27 39 14 0 12 27
- 30 29 37
+ 2 40 33 31 0 24 6 7 24 6 36 36 44 43 22 27
- 40 13 39 14 49 10 24 21 8 6
+ 2 24 21 28 44 10
+ 2 39 27 5 0 15 10 33 15 6 7 11 39 27 5 46 48 15 22 27 23 34 42 7 15 49 5 8 6 11
- 29 44 37
+ 2 5 46 15 34 27 14 18 9
+ 2 39 27 5 0 15 10 33 15 6 7 11 39 27 5 46 48 15 22 27 23 34 42 7 15 49 5 8 6 11
- 9 29 37
- 40 39 47
- 2 40 10 17 12 6 47
+ 40 13 24 27 40 2 46 15
+ 2 39 23 34 3 34 12 11 5 24 44 11 30 47 47 47
+ 40 22 15 45 0 48 11
- 40 25 48 10 36 47
- 40 30 44 36 2 18 22 16 14 41
- 40 25 33 40 10 33 31 3 14 37 3 11 46 48 48 15
+ 40 30 32 33 24 21 21 22
- 2 13 24 10 22 36 7 34 26 4 27 40 47 39
- 24 22 13 5 22 33 15 6 36 34 34 26 13 24 27 40 37 39 10
+ 2 40 33 31 0 15 28 21 15 38
- 19 34
+ 2 44 10 33 14 1 48 31
- 45 29 21
- 43 38
- 2 39 27 44 22 24 37 26 13 24 31 0 24 10 33 15 32 9 3 14 24 6 6 37 3 34 0 33 2
- 17 39 21 1 43 21
+ 2 39 31 3 14 33 14 4 23
+ 2 24 23 24 9 20 10 33 44 33
+ 2 39 31 0 11 44 10 6 6 2
- 40 49 14 6 48 34 2 45
+ 2 5 33 44 33
- 40 30 7 32 37 43 6 0 24 24 24 29
- 40 5 41 34 26 25 47
- 40 35 21 10
+ 2 5 23 11 38
- 44 2
+ 2 24 31 0 15 18 9 31
- 1 7
- 2 40 9 33 3 14 33 31 3 37
- 1 37 40 1
- 28 9 16 9 31 31 49
- 19 20
- 40 39 32 37 21 21 8 47 31 21 21 21 47 47
- 4
- 22 35
- 39 18 45
- 23 30 29 37
- 2 40 10 1 11 12 47
- 2 24 5 14 35 10
+ 2 40 2 15 28 45
- 2 40 6 39 47 29
- 41 42 21 37
- 38 23 29
- 2 34 14 6 44 15 40 0
- 40 25 16 23 24 47 39 41 33 25 15 30 36 9 24 47 39 3 14 2 33 40 10 33
+ 40 4 21 41 6
- 40 1 23 48 11
+ 2 5 15
+ 2 44 16 27 44 2
- 38
- 22 2 39 21
- 2 40 10 1 11 12 47
+ 2 39 27 39 31 3 14 10 33 44 33 15 2 24 6 16 23 15 43 15
+ 2 5 46 48 48 48 48 48 15 22 22 22 11 44 2
- 44 16 31 0 34 43 14 6 7 34 3 21 22 15 37 3 48 0 28
+ 2 24 21 39 10
+ 2 5 33 5 27 23 24 6 32 22 22 15 48
+ 2 40 2 23 11 13 10
- 40 5 41
- 22 47 40 22
- 42 3 40 34
- 30 46
- 18 40 22 25 37 4 0
- 46 34 12 49
- 24 35 45 37
- 40 30 44 12 22 15 49
- 36 16 10
+ 40 49 10 24 8 6 23 5 8 25
- 29 11 37
+ 40 30 32 23 4
+ 40 13 24 14 22 13 10
- 2 6 47 29
- 23 31 21
+ 40 30 7 11 39 21 48
- 17 11 32
- 44 41
- 22 44 37
+ 40 25 33 16 31 20 32 37 42 36 44 18 18 36 33 23 24 2 0 15 47 39 49 20 10 33
+ 2 5 27 31 20 33 27 44 22 24 2 15 2
+ 40 4 27 40 9 0 15 34 34 33 5 23 26 13 10
- 40 10 49
+ 40 21 23 26 13 32 47 47 21 47 21 47
+ 2 5 46 48 15 11 12 11 39 14 22 38
- 40 32 30 37
- 40 22 8
- 45 39 25 37
- 44 16 31 0 34 43 14 6 7 34 3 21 22 15 37 3 48 0 28
+ 2 44 33
- 41 7 22 42 29
- 24 21 4 23
+ 40 30 7 11 39 21 48
- 36 49
- 40 4 27 24 31 0 34 3 11 46 22 11 24 7 11 5 34 19 16 21 49 14 41 25
- 2 39 31 3 3 14 9 0 34 43 43 22
+ 40 13 24 14 22 13 10
+ 2 39 14 13 40 32 37 42 47 29
+ 2 5 23 15 2 5 15 28 8
+ 40 13 39 21 0 45 0 48 34 8
+ 2 5 19 10 2 26 23 24 32 6 6
- 27 25 35 29
- 1 8 28
- 38
+ 2 5 19 33 15 32 9 3
+ 40 28 44 32 21 21 21 47 47 21 47
+ 2 24 14 13 5 23 4
- 2 37 19 23 10 4
- 2 39 31 0 34 7 46 15 14 26 15 22 26 14 41 6 41 8 6 23 10 46 24 17 8
- 29 11 37
- 24 22 13 5 22 33 15 6 36 34 34 26 13 24 27 40 37 39 10
- 15 47
- 17 46 28
- 45 39 25 37
- 20 39
+ 2 5 24 7 15 43 21
- 14 7 24 29
+ 2 44 15 2 33 39 21 28 21 15 4 13 10
+ 2 24 14 30 7 11 39 14 21 23 6 29
- 45 17
- 16 40
+ 40 25 22 34 42 32 0 28
- 2 40 32 33 0 14 22 13 10
+ 2 24 23 24 32 2 23 16 15 49
- 6 0
- 2 45 23 43 5 21 8
- 40 4 31 23 2 0 10 3 11 33 24 14 30 0 8
+ 2 24 21 1 23 10 24 8 6 34 12 38
+ 40 21 12 15 21 0 10 37 7 46 15 11 46 48 48 15 0 34
- 2 2 19 40 27 17 49 5 28 8
+ 2 39 27 24 14 34 0
- 3 41 6 34 38
+ 2 40 2 19 10 33 31 3
+ 2 24 23 24 9 20 32 47 39 49 20 33 23 24 33 31 20 2 23 15 2 44 28
+ 40 39 32 47 21 21 47 47 47 21 47
+ 40 1 34 8
- 39 40
- 26 15 17
- 40 30 7 11 40 43 18 43 3 4
+ 40 21 23 16 36 32 37 42 37 9
+ 2 39 14 0 8
- 49 13 39 6 39 21 49 5 8 26 25
- 13 16 2
- 47 35
- 19 34
- 2 39 31 3 14 36 33 41
+ 40 43 15
+ 2 44 16 21 39 10
+ 40 21 22 15 33 21 28 47
+ 40 28 8 12 38
+ 2 39 14 0 8
- 29 4
+ 40 0 12 27
+ 2 39 27 39 14 0 47 27 45 0 48 48 23 48
- 40 1 23 48 11
- 22 44 37
- 29 2 37
- 7
+ 40 30 36 36 47 24 29
+ 2 24 27 39 27 5 33 39 21 18 9 31
- 2 34 14 6 44 15 40 0
- 36 29 37
+ 2 40 2 15 28 45
+ 2 39 27 39 23
- 37 18
- 14 7 24 29
- 7
+ 2 39 14 30 36 6 22 15 18 9 31 31 31
+ 2 5 24 36 36 47 29
+ 2 44 10 6 36 44 16 36 9 20 6 47 24 29
- 26 15 17
- 19 3 7
+ 40 30 32 33 24 21 21 22
+ 40 30 32 15 10 9 0 24 37 42 36 44 36 10 33
- 2 5 35 2
+ 40 43 15
+ 2 5 12 15 49 5 8
+ 2 24 14 21 24 32 24 7
- 22 42 28 21
- 15 36
- 29 2 37
+ 40 34 22 24 47 24 24 29
- 2 2 41 39
+ 2 44 22 11 39 31 20 33 23 24 6 44 36 2 12 15 1 23 10
- 47 42
- 9 29 37
- 17 25 0 2 45
- 2 11 28 24 24 24 29
- 36 2 32
- 46 19
- 40 13 6 14 22 42 30 21 41 21
- 40 4 27 24 31 0 34 3 11 46 22 11 24 7 11 5 34 19 16 21 49 14 41 25
- 40 39 47
+ 2 39 21 49 14 6 23 14 6 48 23 48 34 12 27
+ 40 22 15 45 0 48 11
- 3 11
- 40 10 49
+ 40 30 44 33 0 2
+ 2 40 10 33 15 37 26 34 34 33 39 23 15 22 13 10
+ 40 34 22 23 26 27
- 47 17
+ 2 5 24 7 15 22 30 47
+ 2 5 19 15 47 39 49 20 9 3
- 40 13 5 23 36 43 0 23 21 33 49 5 8 25
- 40 25 48 10 36 47
+ 2 39 21 34 26 48 15 22 27 21 4 14 21 22 28 45
- 40 35 49 10
+ 2 5 33 40 6 32 23 0 40 10 33 15 47 39 41 37 43 16 33 23 4
- 41 2 3 39
- 40 13 44 10
- 2 39 21 39 32 21 47 21 47 47 47 21 47 21 21 47 21 47 47 9 47 21 21 21 47
+ 40 25 16 21 39 32 47
+ 2 39 27 24 14 18 9 31 31
+ 2 5 12 15 49 5 8
+ 2 5 12 24 10 33 44 17 12 2 15 15 47
+ 2 40 37 43 18 43 22 38
+ 2 40 10 33 15 2 24 37 49 3 26 48 48 48 15 26 15 26 48 48 48 15 11 0 28 45
+ 2 5 15 28 45
- 17 46 28
- 4
- 2 41 21 44 23 4
+ 2 24 23 24 32 2 23 16 15 49
+ 2 24 21 21 22 28 45
+ 40 39 32 47 21 47
+ 2 24 21 39 10
+ 2 24 23 34 7 24 6 15 47
+ 40 21 33 24
- 2 40 48 17 12 33 21 43 10
+ 40 25 33 10 6 7 24 2 22 10 32 47 39 49 3 14 2 26 27 24
- 4
+ 2 24 21 28 44 10
+ 40 25 16 14 30 36 6 22 11 39 27 24 21 34 11 23 11 38
- 40 2 40 10 2 0 15 5 6 32 46 15 0 34
- 3 15 36 9 31 31 31
- 41 42 21 37
- 40 39 32 37 21 21 8 47 31 21 21 21 47 47
+ 2 5 22 22 34 7 27 21 25 2
- 2 48 5 23 0 5 17 46 15 11 26 31 20 10 33 44 17 12 10 33 44 33
+ 2 44 33 22 24 9 20 37
+ 2 5 24 47 29
- 2 41 21 44 23 4
+ 40 21 46 48 48 48 48 48 48 48 48 48 15 0 34
- 40 3 14 26 37
- 49 2
- 13 16 2
+ 40 39 32 47 21 21 47 47 47 21 47
- 2 39 31 3 14 36 33 41
+ 2 40 2 46 15 26 48 15 34 22
+ 2 5 19 16 23 34 7 27 14 48
+ 40 0 15 15 2 37 45
+ 40 49 5 8 6 41 8
- 18 12
- 2 40 24 21 41 25
+ 40 25 16 14 30 36 6 22 11 39 27 24 21 34 11 23 11 38
+ 40 28 44 32 21 21
- 2 5 35 2
- 43 17
- 35 46
- 42 3 42 29 12 44
- 23 31 21
- 48 49
+ 2 44 33 16 27 5 26 21 34 22 27 27 24 23
- 49 2
+ 2 24 23 24 9 20 10 33 44 17 12 2 46 48 15 34 26 14 35 10
- 40 21 24 47
+ 2 39 23 24 37 26 21 33 5 0 28 45
- 18 28 20
+ 40 34 22 19 2
- 45 4 27 5 19 33 2
- 43 38
- 1 48 31
+ 2 44 33 22 24 9 20 37
- 36 29
- 2 11 28 24 24 24 29
+ 40 21 26 21 30 7 34 3 34 23 16 36 37 3 26 15 11 22 28
- 9 2 7
+ 40 1 34 4 30 47 47
+ 2 24 23 11 40 6 36 6 28
- 29 45 37
+ 40 39 32 21 21 47 21 21 47 47
+ 2 44 22 34 3 34 33 39 27 44 28 8
- 13 24 27 24 23 34 7 12 11 5 19 15 9 0 15 29 24 22 11 40 2 39 33 24
+ 2 44 16 14 18 9 31
+ 40 30 6 16 23 24 6 44 0 39 14 28 44 10
- 1 44 10 2 0 42 47 29
- 7
- 0 26 11 25 19 2 29
- 5 37 34 31 0 11 44 16 14
+ 40 25 33 10 6 7 24 2 22 10 32 47 39 49 3 14 2 26 27 24
- 2 40 32 33 0 14 22 13 10
+ 2 5 15 16 21 48
- 40 7 49 25
+ 2 5 12 11 24 21 34 34 12 34 7 46 15 11 26
+ 40 0 2 45
- 49 29 37
+ 2 39 14 13 40 32 37 42 47 29
+ 40 25 33 33 22 34 42 32 23 36 37 3 34 19 16 21 4 23
- 13 18
- 24 37
+ 40 41 6 48 31 35 23 48 41 8 25
- 2 39 31 0 34 7 46 15 14 26 15 22 26 14 41 6 41 8 6 23 10 46 24 17 8
+ 2 40 47 39 41 9 3 14 10 33
- 1 40 32 47 24 29
+ 2 39 27 5 33 5 46 15 22 22
- 24 9 40 31 31
- 2 22 39 2 21 28 0 48 30
+ 40 25 28
+ 40 39 32 21 21 47 21 21 47 47
- 40 28 21 41
+ 2 40 10 17 12 33 27 39 21 21 24 36 32 27
+ 40 49 10 24 8 6 23 5 8 25
- 2 5 24 32 48 46 45 15 22 24 6 22 24 6 37
- 14 30 15
- 28 39 23
+ 2 5 19 15 47 39 49 20 9 3
- 8 21 29 32
+ 40 30 6 22 24 47
- 9 9 39
+ 40 0 2 45
- 35 46
+ 2 39 27 39 31 3 14 10 33 44 33 15 2 24 6 16 23 15 43 15
- 27 49 37
- 13 27 5 2
+ 2 44 16 14 18 9 31
- 40 30 36 7 11 24 31 0 11 39 27 39 23 11 37 3 0 34
- 8 33 21 20
- 43 17
- 2 5 46 48 48 48 48 15 26 15 34 15 16 23 15 44 16 21 18 9 31 31
+ 2 5 19 33 15 32 9 3
+ 2 24 23 24 9 20 10 33 44 17 12 2 46 48 15 34 26 14 35 10
+ 2 5 19 16 31 20 10 17 12 2 24 6 10 37 26 30 6 15 10 17 12 6 32 33 5 24 36 44 18 16 16 18 11 15 2 37 37 45
- 39 38 8
+ 2 44 16 27 44 2
+ 40 30 36 36 47 24 29
- 38 18 47
- 41 7 22 42 29
- 48 20
- 17 25 0 2 45
+ 40 34 22 19 2
- 37 29
- 39 38 8
- 47 17
+ 2 39 27 24 14 34 0
+ 2 5 27 31 20 33 27 44 22 24 2 15 2
- 2 5 33 5 22 19 15 10 33 15 47 39 49 0 34 42 32 12 11 24 14 40 5 8 6 11
- 40 2 39 27 44 15 9 0 15 41 25
- 18 34 49
+ 40 43 15
- 40 29 30
+ 40 13 44
+ 40 21 23 16 36 32 37 42 37 9
- 44 16 10 33 44 17 12 47 39 41 2 19 44 33
- 26 22
+ 2 44 22 11 5 19 22 15 35 32
- 45 30 11 39 31 14 43 16 16 15 49
- 14 44 16 23 11 5 27 14 41 25
+ 2 39 14 30 36 6 22 15 18 9 31 31 31
+ 2 40 2 27 27 24 27 44 33 15 6 7
+ 40 0 47 27 12 30 21 21 21 47
- 18 12
+ 2 44 15 32 37 7 12 24 10 33 44 33 44 17 12 6 7 24 2 19
- 38 23 29
- 24 21 4 23
- 29 21 20
+ 40 21 46 48 48 48 48 48 48 48 48 48 15 0 34
- 44 41
- 38 17 42 49
+ 40 49 5 8 6 41 8
- 2 15 15 9 20 42 0 28 45
- 30 29 37
- 40 29 30
+ 40 28 44 32 21 21
+ 40 4 21 48
- 14 44 16 23 11 5 27 14 41 25
- 4 2 24 14 22 13 32 10
+ 40 34 22 24 47 24 24 29
- 2 39 21 39 32 21 47 21 47 47 47 21 47 21 21 47 21 47 47 9 47 21 21 21 47
+ 2 24 14 21 24 32 24 7
- 40 34 34 45 0 33 16
- 2 39 31 3 3 14 9 0 34 43 43 22
- 7 12 38 13 30
- 40 30 36 7 11 24 31 0 11 39 27 39 23 11 37 3 0 34
- 40 47 31
+ 2 24 21 49 5 8 6 41 8 6 48 31 32 34 13 8 13 8 15 30
+ 2 24 21 1 34 45
- 24 23 29 11 37
- 36 49
- 25 40 25 38 10 21 7
+ 2 5 15 16 21 48
- 2 24 32 23
+ 40 25 28
- 2 5 27 0 21 26 21 49 5 8 6 23 14 6 23 14
+ 2 40 6 36 32 24 7 11 24 21 49 10 24 8 25
- 29 23 37
+ 2 5 19 10 2 26 23 24 32 6 6
- 8 21 29 32
- 40 34 21
- 36 29
+ 40 21 22 15 33 21 28 47
- 4
+ 40 0 13 44 32 21 21 21 47
+ 40 28 8 12 13 32 47 47 47 21 21 21 47 21 21 21 47 21 47 47 21
- 40 30 47 9
- 47 35
+ 2 40 10 17 12 6 37 49 26 39 32
- 40 5 28 45
- 38 17 42 49
- 40 5 31 3 11 6 7 15 49 14
+ 2 5 23 11 38
+ 40 34 26 48 15
+ 2 24 21 21 22 28 45
- 25 40 25 38 10 21 7
+ 2 40 37 43 18 43 22 38
+ 40 30 6 16 23 24 6 44 0 39 14 28 44 10
- 1 7
- 24 37
+ 2 40 9 3 14 6 44 0 40 6 44 4
- 38
+ 2 44 15 32 37 7 12 24 10 33 44 33 44 17 12 6 7 24 2 19
- 0 2 24 23 34 26 0 45 32 34 13 21 38
- 40 34 21
- 19 3 7
- 4 45
- 29 45 37
+ 40 21 23 26 13 32 47 47 21 47 21 47
+ 40 25 22 34 42 32 0 28
- 2 2 19 40 27 17 49 5 28 8
+ 2 40 32 37 7 22 2
- 40 25 33 40 10 33 31 3 14 37 3 11 46 48 48 15
- 2 5 46 48 48 48 48 15 26 15 34 15 16 23 15 44 16 21 18 9 31 31
- 4 45
- 1 44 10 2 0 42 47 29
- 45 17
+ 40 1 34 8
- 41 25
+ 40 28 44 32 21 21 21 47 47 21 47
- 39 18 45
- 43 39 32 0 21 47 47
+ 40 13 44
- 40 28 21 41
- 40 30 32 0 15 37 3 11 26 34 26 39 10
- 40 30 32 0 15 37 3 11 26 34 26 39 10
- 46 19
- 40 42 35 10
- 40 21 24 47
+ 2 40 10 17 12 6 37 49 26 39 32
+ 40 43 15
+ 2 40 2 23 11 13 10
+ 40 30 44 33 0 2
+ 40 1 23 14 6 11
- 32 17 32 47
+ 40 4 21 48
- 18 40 22 25 37 4 0
- 19 4
- 40 30 44 36 2 18 22 16 14 41
- 45 30 11 39 31 14 43 16 16 15 49
+ 2 5 26 27 39 27 24 31 0 11 39
+ 40 13 24 27 40 2 46 15
+ 2 5 15 15 2 15 15 2 23 43 25 16 21 1 34 12 38
- 4 2 37 42 6 29
+ 2 24 14 41 6 48 31 35 31
+ 40 4 27 40 9 0 15 34 34 33 5 23 26 13 10
- 2 40 37 43 36 27 21
+ 40 25 33 33 22 34 42 32 23 36 37 3 34 19 16 21 4 23
+ 2 39 21 4 14 35 32 21 21 47 21 47 47 47
- 15 36
- 2 19 44 10 32 47 19 39 49 20 47 39 49 0 24 2 15
- 0 31
- 44 2
+ 40 21 33 24
+ 2 39 21 1 41 8 6 48 23 48 48 31 0 48 23 10 24 8 25
- 29 48 7 20
- 32 17 32 47
+ 2 5 27 27 39 27 40 37 43 26 27
- 40 42 35 10
+ 2 44 16 21 39 10
+ 2 5 24 36 36 47 29
+ 2 24 31 20 33 27 5 23 18 16 36 33 23 11 39
- 40 30 7 32 37 43 6 0 24 24 24 29
+ 40 28 8 12 13 32 47 47 47 21 21 21 47 21 21 21 47 21 47 47 21
- 45 4 27 5 19 33 2
+ 40 43 15
+ 40 1 34 4 30 47 47
- 49 13 39 6 39 21 49 5 8 26 25
+ 2 5 33 40 6 32 23 0 40 10 33 15 47 39 41 37 43 16 33 23 4
+ 2 5 27 31 3 14 6 47 24 24 29
- 2 5 17 25 28 37
+ 2 44 10 47 39 41 47 39 41 37 42 32 19 15 6 47 24 29
- 32 22 40 2 8 12
+ 40 0 12 27
+ 2 24 21 35 32 47
- 44 44 15 37 43 33 24 7 11 5 10 33 23 34 26 4 25 2
+ 40 21 12 15 21 0 10 37 7 46 15 11 46 48 48 15 0 34
- 28 39 23
- 39 15 14 0 13
+ 40 13 39 21 0 45 0 48 34 8
+ 2 39 23 34 3 34 12 11 5 24 44 11 30 47 47 47
- 2 40 37 43 36 27 21
- 39 40
+ 2 5 24 7 15 22 30 47
+ 2 39 21 34 26 48 15 22 27 21 4 14 21 22 28 45
+ 2 24 31 0 15 22 15 45
+ 2 5 22 22 34 7 27 21 25 2
- 40 21 1 34 4 15 12 15 8
- 44 13 40 46
- 2 5 0 15 33 31 17 24 32 33 15 0 39 32
- 40 25 16 23 24 47 39 41 33 25 15 30 36 9 24 47 39 3 14 2 33 40 10 33
+ 2 44 22 34 3 34 33 39 27 44 28 8
+ 2 5 33 5 27 23 24 6 32 22 22 15 48
- 31 9 10
+ 2 5 26 27 39 27 24 31 0 11 39
+ 2 40 2 33 39 31 0 11 5 33 5 15 16 21 30 44 16 11 15 2 37 37 45
- 29 23 37
- 25 3 24
+ 40 30 32 23 4
- 14 30 15
+ 2 5 22 15 32 10 33 15 33 31 3
- 46 35 27 34 43
+ 2 40 33 31 0 24 6 7 24 6 36 36 44 43 22 27
- 41 38 36 22 38
+ 40 0 47 27 12 30 21 21 21 47
- 4 28 40 4 23 15 0 13
- 2 45 23 43 5 21 8
- 6 0
+ 2 24 27 39 31 0 11 40 10 33 15 2 24 47 24 29
- 40 49 14 6 48 34 2 45
- 43 27
- 41 2 3 39
- 15 48 37
- 40 32 30 37
+ 40 39 32 47 21 47
+ 2 40 9 3 14 6 44 0 40 6 44 4
- 40 30 44 12 22 15 49
+ 40 25 16 21 39 32 47
+ 2 24 21 18 9 31 31 31 31
- 28 9 16 9 31 31 49
+ 40 21 26 21 30 7 34 3 34 23 16 36 37 3 26 15 11 22 28
- 23 30 29 37
+ 2 5 27 27 39 27 40 37 43 26 27
- 22 35
+ 2 5 12 15 35 10
+ 2 39 23 24 37 26 21 33 5 0 28 45
- 7 12 38 13 30
- 34 11 48 15 15 8 30
+ 2 24 31 20 33 27 5 23 18 16 36 33 23 11 39
- 40 35 21 10
- 29 14
- 40 4 21 14 23 5 8 6 48 49 32
+ 2 39 23 15 39 32 21 21
- 40 2 40 10 2 0 15 5 6 32 46 15 0 34
- 22 42 28 21
+ 2 40 32 37 7 22 2
+ 2 24 21 18 9 31 31 31 31
- 46 35 27 34 43
- 27 49 37
- 46 34 12 49
+ 2 39 31 3 14 33 23
- 5 46 15 22 22 2
+ 2 40 10 33 44 17 12 47
- 38
+ 2 39 31 3 14 33 23
+ 2 5 12 15 35 10
- 19 20
- 2 24 14 30 37 49 7 26 3 14 47 39 49 0 24 10 17 12 10 17 12 6 36 6 33 15 33 21 49 14
+ 40 28 8 12 38
- 0 31
- 48 20
- 2 44 33 33 12 36 10 9 3 14 27 33
+ 2 39 14 49 14 6 23 10 24 8 25
- 40 2 39 27 44 15 9 0 15 41 25
- 26 9 37
- 2 5 27 0 21 26 21 49 5 8 6 23 14 6 23 14
+ 40 30 6 22 24 47
- 40 5 41 34 26 25 47
- 29 48 15 48 17
- 20 39
- 2 5 33 5 22 19 15 10 33 15 47 39 49 0 34 42 32 12 11 24 14 40 5 8 6 11
+ 2 40 33 31 0 15 28 21 15 38
+ 40 34 22 23 26 27
- 2 24 5 14 35 10
- 2 15 15 9 20 42 0 28 45
- 13 27 5 2
+ 2 5 15
+ 40 41 6 11
- 45 29 21
- 40 43 2
- 36 2 32
- 45 31
+ 2 44 10 33 14 1 48 31
+ 2 40 10 17 12 33 27 39 21 21 24 36 32 27
- 0 2 24 23 34 26 0 45 32 34 13 21 38
+ 2 39 21 1 41 8 6 48 23 48 48 31 0 48 23 10 24 8 25
+ 2 39 27 39 14 0 47 27 45 0 48 48 23 48
- 40 4 31 23 2 0 10 3 11 33 24 14 30 0 8
- 1 8 28
- 4 2 24 14 22 13 32 10
- 40 35 49 10
- 1 43
- 24 23 29 11 37
+ 2 24 14 30 7 11 39 14 21 23 6 29
+ 40 0 15 30 47 21 21
- 2 22 39 2 21 28 0 48 30
- 3 15 36 9 31 31 31
- 38 49
- 2 40 2 23 36 33 31 20 49 35 43 32 21 21
- 40 30 32 0 10 0 37 33 14 21 0 15 10 33
+ 2 40 6 36 32 24 7 11 24 21 49 10 24 8 25
- 9 2 7
+ 2 44 22 11 5 19 22 15 35 32
+ 2 5 19 16 31 20 10 17 12 2 24 6 10 37 26 30 6 15 10 17 12 6 32 33 5 24 36 44 18 16 16 18 11 15 2 37 37 45
+ 2 40 2 33 39 31 0 11 5 33 5 15 16 21 30 44 16 11 15 2 37 37 45
- 2 40 47 49 3 14 47 39
+ 2 24 14 30 6 28 8
+ 40 1 23 14 6 11
- 29 48 15 48 17
- 29 48 7 20
- 2 40 10 17 12 6 47
- 38
+ 40 0 2 45
+ 2 24 23 11 40 6 36 6 28
- 3 11
+ 2 39 21 4 14 35 32 21 21 47 21 47 47 47
+ 2 40 10 33 15 2 24 37 49 3 26 48 48 48 15 26 15 26 48 48 48 15 11 0 28 45
+ 40 41 6 48 31 35 23 48 41 8 25
- 40 13 39 14 49 10 24 21 8 6
+ 40 28 21 15 4 38
- 40 34 34 45 0 33 16
+ 2 44 15 2 33 39 21 28 21 15 4 13 10
- 8 33 21 20
- 11 42 30
+ 40 41 6 11
- 25 3 24
