+ 28 5 14 5 21 2
- 18 25 31 1
- 19 15
- 29 16 37 42 25 25 8 28 23 37 26 33
+ 25 7 28 18 14 20 16 20
+ 15 34 47 39 24
- 18 4 29 19 0 21 36 29 19 23 17 48 21 25 26 5 33 33 33 17 19 33 25 21 17
- 25 25 8 35
- 29 28 39 22 10 37 9 21
- 25 33 20 16
- 3 16 44 16
+ 25 7 18 24 13 21
+ 9 0 18 13 10 47 23 37 24
+ 22 31 34 34 4 29 19 17 21
+ 28 46 45 40 48 9 28
+ 16 47 11 27 12
+ 22 19 15 1 5 21 2
+ 16 37 16 45 9 25 25 45 2 35
+ 22 2 39 15 36
+ 15 18 24 13 17 40 2
+ 22 31 41 46 15 33 19 24
+ 16 37 28 41 11 1 22 4 12 46 18 46
- 40 18
- 25 25 40 46 16 37 16 45 5
+ 25 7 18 24 13 21
+ 16 47 39 16 35
+ 18 33 29 21 25 32 33 33 17 21 17 40 26 5 33 33 33 33 17 19 17 19 17 21 17 42 5 5 17 19 17 21 17 17 14 8 17 19 33 33 17 19 17 19 33 33 33 33 33 17 21 19 29 19 17 21 17 8 7 21 45 36
- 30 16 45 7 45 29 19 33 33 33 33 33 33 17 19 33 17 19 17 19 33 33 17 19 33 17 21
- 49 28 18
- 0 1
+ 18 25 29 19 17 19 17 19 17 21 49 7 45 29 21 36
+ 15 34 34 23 30 28 34 5
- 15 34 34 18
+ 25 7 40 12
+ 22 31 33 31 1 17 21 46 12 13 17 48 3
+ 9 0 3 20 5 15 15 15 15 15
+ 15 33 31 5 3 3 14 17 17 48 24 13 17 44 28 18 17 8 3 24 33
+ 9 36 37 46 7 40 44 0
- 15 18 24 46 35
+ 28 34 34 33
- 37 37 6 23 25 25 24 5
- 22 2 3 5 36 12
- 31 5
+ 18 4
- 0 18 33
- 38 22 22
- 16 45 9
- 19 0 35 31 34
+ 28 33 31 36
+ 25 7 28 37 7 33 31 33 2 3 2 46 25 46 9 21
- 18 29 29 19 33 33 43 33 33 21 49 9 24
+ 28 36 20 40 45 28 18 37 3 36
- 15 18 2 28
- 18 4 21 17 32
- 4 18 19 35 45
+ 25 7 34 45 7 6 45
- 28 40 40 45 18 39 22 35 45 28
+ 9 2 37 7 46 35 46
- 18 23 3 29
- 28 29 3 39 25
- 15 6 47
+ 9 2 18 14
+ 9 25 8 3 0 3
+ 28 36 20 12 13 17 40 35 24
- 18 23 30 34 34
- 46 1 17 17 18 21 18 48 13 21
- 15 34 34 18
+ 22 2 39 15 36
+ 22 19 18 29 29 21 36
+ 22 19 15 1 5 21 2
+ 9 36 20 17 33 20 16
+ 28 1 44 12 13 17 12 21 35 46
+ 18 35 4 43 29 21 43
- 42 28
- 9 7 0 28 42
- 21 23 37 2 37 25 11 24 46 5 14 2 35
- 22 25 7 47 35 3
- 22 19 9 49
+ 18 33 29 19 17 19 17 19 17 19 33 33 17 19 17 19 17 19 33 33 17 21 43 29 19 33 17 21 36
+ 16 45 7 6 45 29 19 17 21 25 32 9 19 33 17 21 25 32 9 19 33 17 21 19 29 19 33 33 33 17 21 25 32 8 33 33 33 17 19 33 33 17 19 17 19 33 17 21 49 9 15 1 44 40 4
- 15 7 7 7
+ 9 46 27 12 3 37 37 7 34 47 46 25
- 28 28 39 43 46 35 26
+ 25 7 41 45 5 13 21 22 34 44 46 2
- 15 19 36
+ 15 34 47 13
- 37 39
- 18 4 29 19 0 21 36 29 19 23 17 48 21 25 26 5 33 33 33 17 19 33 25 21 17
+ 22 2 39 9 24
+ 22 19 16
+ 22 2 18 14
- 15 18 24 37 0
- 24 31 25 2
- 49 19
+ 22 19 9 25 5 46 7 0
- 16 34 14 21
+ 18 25 29 19 17 19 17 19 17 21 49 7 45 29 21 36
- 16 7 18 35 30
- 18 23 3 29
- 25 15 47 48 45
+ 16 34 29 29 21 17 0 21 17 17 14 5 33 17 19 17 19 33 17 19 33 17 19 33 17 19 17 19 17 19 33 17 19 33 17 19 33 33 17 19 17 21 36 29 21 43
+ 9 29 3 14 18 5 15 15
- 31 25 46 20 29 14 26 11 30 46
+ 18 12 7 21 31 31 23 23 0 0 0 0 23 18
- 9 47 11 3
+ 28 28 11 28 4
- 25 7 40 42 44
- 18 9 18 21
+ 9 36 37 26 45 43 10 35
+ 28 5 14 17 17 48 24 13 17 40 2
- 19 15
+ 9 0 0 27 42
- 12 9 6 48 26 45 2 35
- 28 44 45 28
+ 25 7 5 3 14 21 22 46 40 2
- 9 26 17 42 33
+ 25 25 11 1 5 46 34 5
+ 22 19 28 5 14 17 17
+ 25 25 11 1 5 46 34 5
- 24 8 15 33 10 5
- 42 9 48 25
+ 25 25 46 25 25 8 31 33 31 28
- 6 9 48
+ 15 40 48 24 46 28 13 19 18 21
+ 28 46 45 28 13 2 18 5 15
- 7 18 43
+ 25 7 41 46 16 47 13 2 11 27 42 3
- 31 43 10
+ 15 41 45
- 18 33 29
- 18 29 29 38 19 17 19 49 33 33 33 33 17 19 17 17 25
- 16 40 4 5
+ 18 12 7 21 0 23 31 18 10 7 6 4 19 29 19 33 17 21 17 17
- 20 47 35
- 25 25 7 0 3
- 18 8
- 14 34
- 46 28 25 28 39 40 9 9
+ 25 7 41 46 16 47 13 2 11 27 42 3
+ 25 25 46 18
+ 22 19 15 34 45 7 4 19 29 21 49 9 15 5 3 3 14
+ 28 40 5 34 34 29 29 21 43
+ 16 47 18 14 20
- 9 0 18 13 10 34 23 30 25 7 16 36 20 40
+ 16 47 26 8 31 0
+ 28 46 4 44 36 20 5 2
+ 16 45 7 6 21 0 18
- 1 2 5 42 46 34 37 34
+ 9 0 3 20 5 15 15 15 15 15
- 32 22
+ 15 33 2 11 28 4
- 25 43 7 34
- 23
- 20 29 30
+ 18 35 20 30 28 2
+ 18 23 30 15 18 45 28
- 18 4 15 29 19 17 34 1 19 17 21 43 29 21 25
+ 25 7 41 45 5 13 21 22 34 44 46 2
- 17 9 0
- 3 44
- 12 22 10 17
- 18 12 9 45 9 34
- 22 10 12 28 24
- 25 31 45 43 10
+ 28 36 20 44 33 31 18 45 28
+ 22 2 46 7 28 39 25 7 5 3 3 14 22 2
+ 16 34 29
- 18 12 9 45 9 34
+ 15 5 3 14 17 21 46 5 18 1 2 35
+ 25 25 45 17 21
+ 22 19 16
- 46 25 43 33 31 40
- 9 26 9 33
+ 9 2 11 3 18 26
- 16 47 49 17 33 20 16
- 18 12 7 20 30 16 34 23 25 32 46 24
+ 28 5 14 21 18 17 21 22 46
- 49 28 18
- 22 19 16 34 43 31 0 21 0 0 31 45 20 36
+ 28 34 34 33
- 15 18 35 21 23 0 23 18 10 9 22 19 28 1 43 10 35
- 28 33 19 48 34
+ 16 34 29 29 21 17 0 21 17 17 14 5 33 17 19 17 19 33 17 19 33 17 19 33 17 19 17 19 17 19 33 17 19 33 17 19 33 33 17 19 17 21 36 29 21 43
- 25 8 25 46 9 46
- 8 25 46 16 35
+ 9 46 3 14 18 37 43 39
+ 9 36
- 6 9 48
- 18 12 7 20 30 16 34 23 25 32 46 24
+ 22 31 40 40 45 28
- 22 19 16 28
- 15 36 36 20
+ 28 5 14 17 17 48 24 13 17 40 2
+ 16 45 7 26 10 9 16 47 11 3 14 11 3 18 21
- 25 25 46 28 33 15 43 34 45 7 6 45
- 24 10 0 9 35 24
+ 18 29 29 21 43
+ 16 37 9 46 27 12 18 18 37 38
- 13 25 8 31 20 48 9 28
+ 18 4
- 10 1
+ 22 10 47 23
+ 18 29 29 19 17 19 17 19 17 21 17 0 21 43 29 19 33 17 21 49 7 6
+ 15 18 24 21 4 44 28
+ 15 18 24 21 4 44 28
- 25 29 25 11 31 46
- 1 39
+ 25 7 28 37 7 33 31 33 2 3 2 46 25 46 9 21
- 18 43 2
+ 16 45 7 4 25
+ 22 2 46 7 1 21
- 9 9 15 44 28 4
- 42 48
- 17 18 35
+ 25 7 36
- 18 41 33 29 19 17 19 17 19 26 17 19 17 17
- 12 9 6 48 26 45 2 35
- 28 44 45 28
- 25 25 10 44 13 28 26 11 3
+ 18 23 30 28 1 17 21 46
+ 25 7 41 11 45 28
- 2 22 2 18 17 5 37 25 45 44 40 45 34 47 11 3 14 46 25 11 1 22 45 41 45 44 48 24
+ 9 36 20 17 33 20 16
+ 18 4
+ 28 41 8 31 33 19 16 35
+ 22 2 13 31 40 5 0
+ 28 36 20 40 45 28 18 37 3 36
+ 22 2 13 2 39 24
- 25 8 1 10 42 5
+ 16 34 29
- 25 7 5 3 3 11 3 3 45 14 11
+ 18 12 7 21 31 31 23 23 0 0 0 0 23 18
+ 22 19 18 29 29 21 36
+ 25 25 46 15 36
- 18 33 29 38 21 49 22
+ 18 35 4 43 29 21 43
+ 15 34 37 15 2
+ 22 2 13 19 15 41 46 24
+ 28 40 48 1 44 48 24
- 2 3 31 45 14 44
- 9 11 29 5 4
+ 25 25 46 9 26 33
- 9 4 43 46 28 10
- 2 22 2 18 17 5 37 25 45 44 40 45 34 47 11 3 14 46 25 11 1 22 45 41 45 44 48 24
- 44 28
+ 22 31 5 14 22 45 33 2 13 2 3 2 11
- 48 24
- 16 3 24
- 29 28 39 22 10 37 9 21
+ 25 25 46 18 33 29 19 33 33 33 17 19 17 19 33 33 17 21 19 29 21 49 7 6 4 43 29 21
- 28 10 46 4 44 41 11
+ 25 7 41 46 18 29 29 19 17 21 36
- 28 39 34
+ 25 25 8 31 2
+ 22 19 25 7 28 39 18 12 7 26
- 6 22 10 12 7 21 0 31 23 45 36 10 21 18
- 28 49 46 22 19 16 37 24
+ 9 36 23 8 3 46 28 4
- 25 16 13 3 12 9 28
+ 9 2 11 3 14 11 27 12
+ 9 2 11 3 14 3 31 1 22 4
+ 22 2 3 2 11 28 4
- 25 0
- 25 19 0 33 30 18 46
- 30 18 21
- 3 16 44 16
+ 28 34 47 13 19 15 36
- 25 25 45 4 12 13 17 12 21 4 48 3
- 3 47 35 20 15 28 23 0 0 27
- 46 24 45 19 16 35
+ 16 34 1
+ 16 45 9 15 1 21 46 48 24 13 21 18 44 5 0
- 29 16 37 42 25 25 8 28 23 37 26 33
+ 15 28 37 25 45 22 2
- 9 11 29 5 4
+ 25 7 1 17 17 5 36 20 44 34 5
- 15 46 31 35 1 2 35
- 21 23 37 2 37 25 11 24 46 5 14 2 35
- 22 31 40 44
- 36 46 3
- 25 0
- 18 23 30 34 34
+ 25 25 8 31 2
- 14 49 2
- 28 9 1 10 21 35 9
- 9 25 11 3 18 24 33
+ 28 5 3 3 3 14 21 18 21 22 18
+ 16 37 16 45 9 25 25 45 2 35
- 46 45 18 45 28
- 12 28 41 11 24
- 25 25 40 46 16 37 16 45 5
+ 16 45 7 4 25
- 1 15 10 17 17 40 2
- 22 47 31 1 42 25 49 38 12 48 0
+ 25 25 46 15 18 24 21 45 34 37 9 2 18 37 38 37 36 37 39 9 2 13 19 9 29 3 18 2 11 28 4
- 28 38 1 24 36 6 35
+ 15 28 26 45 17 21 22 18 22 2
+ 22 10
- 0 1
- 49 21
+ 28 46 45 40 48 9 28
+ 25 7 40 40 4 48 3
- 25 25 8 35
- 28 41 8 19 2 39 9 24 33
- 9 2 11 27 31 3 18 24 33
+ 18 23 30 28 1 17 21 46
+ 15 1 5 13 21 34 44 18 24 21 35 46
- 46 33 23 37 33 28 10 4
+ 28 5 14 21 18 17 21 22 46
+ 16 34 4 29 21
- 36 31 0 16 5
+ 28 5 3 14 22 2
+ 15 5 14 44 5 1 17 17 12
+ 25 25 46 18 35
+ 9 0 18 23 37 29
+ 16 37 9 25 33 30 20 5 15
+ 25 25 45 44 5 36 20
- 16 37 28 41 8 31 1 35
+ 18 4 29 19 33 17 19 33 33 33 33 17 21 49 7
- 22 2 26 7 48 43 10 35
+ 15 36 20 12 13 17 48 3
+ 22 2 39 25 7 0
+ 15 33 31 5 3 3 14 17 17 48 24 13 17 44 28 18 17 8 3 24 33
- 25 27 41 42 34
- 15 42 0
+ 15 41 8 19 25 7 36
- 23 12 10 6 25
+ 9 0 18 3 10 45 7 20 30 16 5
+ 18 12 7 21 0 31 31 18
- 15 36 32 9
+ 16 45 7 6 45 29 19 17 21 25 32 9 19 33 17 21 25 32 9 19 33 17 21 19 29 19 33 33 33 17 21 25 32 8 33 33 33 17 19 33 33 17 19 17 19 33 17 21 49 9 15 1 44 40 4
+ 16 47 39 16 35
- 28 18 1 5 13 35 34 18 43 34 10 35
- 25 7 46 45 17 32 36
- 28 49 46 22 19 16 37 24
+ 15 18 1 43 10 35
- 18 9 18 21
+ 22 31 34 34 4 29 19 17 21
- 25 33 48 23 5 13 19 15 41 11 11 1 22 35 3
- 25 2 7 18 45 28
+ 22 10 45 7
+ 28 41 46 15 34
- 25 31 45 43 10
- 43 22 9 10 35
+ 15 34 37 15 2
+ 16 37 25 7 2
+ 25 7 41 46 18 29 29 19 17 21 36
- 45 30 25
- 9 25 4 7 40 6 2
- 9 0 18 13 10 34 23 30 25 7 16 36 20 40
+ 25 25 45 17 21
- 5 38 7 36 20 33 48
- 12 7 26 10 7 4 47 21 17
- 6 39 28 10 36 20 44 46
- 40 18
- 22 10 47 39 15 46 30 41 11 1 2 35
- 15 5 3 14 21 23 46
- 9 46 22 27
+ 28 5 14 5 21 2
+ 22 10 37 18 33 29 21 49 9 24
+ 9 46 3 14 39 28 0
+ 16 47 11
- 15 28 39 28 1 5 46
+ 15 28 13 10
- 25 8 38
+ 9 0 18 23 37 29
- 15 18 2 28
+ 16 37 22 19 25 7 28 13 19 24
+ 16 47 39 18 25 29 21
+ 25 7 41 11 1
+ 22 19 28 5 14 17 17
+ 18 29 29 19 33 33 17 21 25 10
+ 16 37 22 19 25 7 28 13 19 24
- 37 18 9 28
+ 16 34 4
+ 18 25 29 19 17 19 17 19 17 21
+ 25 25 45 17 17
- 1 17 40 17 44
+ 16 34 4
+ 18 35 45 29 21
- 39 29 28
+ 18 4 29 21 17
- 38 22 22
+ 9 46 3 14 46 7 34 5
- 7 25 26 5 21 3 3 14 5 46 28
+ 22 19 25 7 28 39 18 12 7 26
+ 25 7 40 12
+ 15 41 46 9 29
+ 15 28 26 45 43 10 35
- 9 6 31
- 25 7 28 18 5 15 13 15
- 15 36 44 33 31 41 33 19 9 33 30 23 5 23 37 46 27 31 0 3 18 24 33
+ 28 41 45 44 40 2
- 28 33 19 48 34
+ 28 40 48 9 28
- 18 4 21 17 32
+ 25 25 11 1 21 18 21 22 34 40 35 46
+ 28 5 14 44
- 12 7 36
+ 28 41 11 1 5 13 17 12 21 45 2
+ 22 19 18 4 29 19 17 21 19
+ 25 7 5 3 3 3 14 21 22 46 44 28 13 10 5
+ 18 4
- 9 3 3 26 18 46 32 18 2 39 34
- 15 1 17 21 34 5 40 2 3
- 9 25 11 3 18 24 33
- 22 10 47 13 14 10 45 7
+ 15 18 24 46 41 46 18 25
- 48 24
+ 16 45 9 25 7 28 26 8 10 5
- 25 28 1 43
- 20 18 23 30 28 33 10 47 37 4 0
+ 28 36 20 44 33 31 18 45 28
- 36 9 39 33
+ 28 40 48 1 44 48 24
- 6 7 27 11 0
- 47 0
+ 16 45 7 21 0 0 23 18
- 39 43 20 18 15 3
- 20 18 23 30 28 33 10 47 37 4 0
+ 25 7 41 11 45 28
- 15 1 17 21 34 5 40 2 3
- 22 19 23 22 19 22 2 37 7 2
+ 28 28 13 10 5
- 22 19 39 18 10
+ 9 25 8 3 0 18 18 17 33 30 37 13 19 9 24
+ 18 29 29 21 49 7 21 45
- 25 7 28 18 5 15 13 15
+ 16 34 1
- 23 2 46 16 11 7 17 28
+ 25 25 46 16 5
+ 16 34 1
- 5 12 2
- 34 22 10 45 9 5 31 18 3
+ 18 12 9 28 5 3 14 5
+ 15 41 8 19 25 7 36
+ 15 1 22 45 40 12
+ 25 7 33 19 16 47 39 24
+ 15 1 22 45 40 12
+ 25 7 28 18 17 5 23 37 2 37 7 1 44 44 0
- 25 25 8 2 13 31 44
+ 28 33 31 36
+ 22 19 15 33
- 18 8
- 49 21
- 28 33 7 10 35
+ 16 45 9 15 1 21 46 48 24 13 21 18 44 5 0
+ 9 2 3 2
- 25 7 36 0
- 25 33 20 16
- 39 18 25 29 19 33 17 21 49 7 6 25 25 11 45 28
+ 28 5 14 17 17 48 1 17 17 40 35 9 28
- 44 15 34 37 29 18 33 5 19 33 17 19 21 36
+ 16 34 4 29 21
+ 25 7 5 14
- 0 18 37 25 8
+ 15 34 47 39 24
- 15 46 4 5 33 10 37 25 19 25 46 18
- 28 18 1 5 13 35 34 18 43 34 10 35
- 18 23 30 47 37 1 44 48 9 28
+ 18 12 7 21 0 31 31 18
+ 25 25 8 10 34 23 30 24
+ 9 2 18 14
- 30 15 1 17 17 5 1 44 5 9
- 15 5 16 28
- 32 46 20 0
- 22 49 19 9 2 26 46 18 35
+ 18 29 29 21 43 29 21 19 29 19 17 21 25 10
+ 25 25 46 16 5
+ 22 31 5 14 22 45 33 2 13 2 3 2 11
- 15 7 7 7
+ 25 25 45 21 34 44 33 31 33 2 18
- 31 25 46 20 29 14 26 11 30 46
- 35 21 2
- 18 4 45 19 11 33 19 45 21 49 9 25 7 0
+ 16 45 9 28 5 3 3 3 3 3 14 21 46 48 24 13 17 12 21 35 24 13 21 34 5 36 20 48 9 28
- 28 41 8 19 2 39 9 24 33
+ 22 19 18 23 30 15 46 45 1 2 35
+ 25 7 1 5 13 21 18 2 35
+ 28 41 46 15 34
- 25 15 47 48 45
+ 25 25 8 10 37 22 10 34 4 29 21 43 29 21 36 29 21 36
- 49 42 39
- 36 31 0 16 5
+ 15 5 14 5 21 4 44 5 14 2 35
- 25 36 25 9
- 25 25 45 4 12 13 17 12 21 4 48 3
+ 18 23 30 15 18 45 28
- 9 36 29 28 4
- 16 27
+ 16 47 11 27 31 3 37 37 7 18 45 28
- 15 18 24 46 35
+ 9 36
- 22 49 19 9 2 26 46 18 35
+ 25 25 45 44 5 36 20
- 18 43 2
- 41 25 2
- 18 12 9 15 46 12 46 0
+ 9 36 23 8 3 46 28 4
+ 15 36 20 12 46 28 3 31 1
- 31 15 35 1 43 10 35
+ 25 7 46 45 34 37 15 40 5 5 14 2 35
- 22 19 23 22 19 22 2 37 7 2
- 15 36 32 9
- 43 22 9 10 35
+ 22 2 13 2 39 24
- 16 47 45 46 18
+ 18 12 9 15 28 13 2
+ 25 7 34 45 7 6 45
- 28 48 46 45 21 33 5 31 0
+ 28 33 19 9 2 3 19 25 25 11 9 28
- 12 7 36
- 6 39 28 10 36 20 44 46
- 25 19 0 33 30 18 46
+ 28 1 44 40 35 1 5 46 40 48 9 28
- 49 15 38 34
- 25 25 8 31 28 13 42 45 9 28 31
- 22 2 26 7 48 43 10 35
+ 22 19 16 45 7 20 30 25 7 2
+ 15 1 44 40 35 46
+ 9 0 3 20 37 38
- 1 15 10 17 17 40 2
+ 15 34 47 26 46 15 34 5
- 28 29 3 39 25
+ 28 33 19 9 2 3 19 25 25 11 9 28
- 25 33 48 23 5 13 19 15 41 11 11 1 22 35 3
+ 22 10
+ 22 2 18
+ 9 46 3 14 39 28 0
- 30 15 1 17 17 5 1 44 5 9
- 14 45 9 34 21
- 6 30 35 16 34
+ 22 19 16 35
+ 25 25 46 15 18 24 21 45 34 37 9 2 18 37 38 37 36 37 39 9 2 13 19 9 29 3 18 2 11 28 4
+ 9 36 20 5 15
- 20 28 22
- 5 2 24
+ 22 10 47 26 45 21 22 22 22 34 5 36 20 44 34 5
- 17 22 29 12 25
- 28 27 46 45 1
- 15 40 5 40 5 3 14 47 2 42 35
+ 25 7 41 45 17 21 34 48 1 5 13 17 5 1 43 10 35
- 16 37 28 41 8 31 1 35
- 22 19 39 18 10
+ 15 5 14 17 21 46 5 28 37 25 8 19 16 35
- 6 30 35 16 34
- 49 15 38 34
+ 25 7 41 8 19 25 25 8 19 24
- 29 22 36 10 26 7 5
+ 22 2 39 9 24
- 9 36 29 28 4
+ 22 10 45 7 45 29 21 19 29 19 17 19 33 33 17 21 49 9 24
- 26 36
- 30 15 18 23 6 24
- 17 34 35 21 23 23 0 19 31 0 45 36 15 13 7 47 26 34 10 7 20 31 30 9 29 28 4
- 15 34 2 18 14 49 19 28
- 16 34 14 21
- 6 7 27 11 0
+ 28 40 12 21 4 48 1 17 17 12 21 35 9 28
+ 28 5 3 3 3 14 21 18 21 22 18
+ 22 10 45 7 45 29 21 19 29 19 17 19 33 33 17 21 49 9 24
- 16 47 13 43 25 7 34 47 13 2 32 8
+ 22 2 18 14
+ 15 41 46 9 29
+ 16 47 23 37 29 3 18 29 28 4
+ 9 0 3 23 8 11 28 23 37 24 33
+ 25 7 41 8 19 25 25 8 19 24
+ 25 7 41 45 17 21 34 48 1 5 13 17 5 1 43 10 35
+ 9 25 5 18 37 41 37 3 31 28 11 27 42 3 37 18 14 20
- 22 12 5
+ 9 0 3 23 5 3 19 15 0
+ 22 10 47 26 45 21 22 22 22 34 5 36 20 44 34 5
- 22 13 45 28 21 23 47 31 31 23 18
+ 28 34 45 9 24
+ 18 4 29 19 33 17 19 33 33 33 33 17 21 49 7
- 9 43 39 33 10
- 18 43 25
+ 16 47 11 27 31 3 37 37 7 18 45 28
+ 9 36 37 46 7 40 44 0
- 18 12 9 15 46 35 1 21 22 22 17 22 34
+ 22 19 25 7 41 46 24
+ 9 0 0 27 42
- 7 25 26 5 21 3 3 14 5 46 28
+ 18 35 45 29 21
+ 18 35 20 30 28 2
- 25 7 40 3
+ 9 0 3 23 8 43 39
+ 28 40 48 24 46 36 20 40 4 48 24 21 45 36 20 12
- 31 49 15
- 45 35 9
+ 15 18 24 13 17 40 2
- 18 29 21 43
- 16 34 28 44 43
- 9 47 11 3
+ 9 2 13 2 26 8 10 37 24
- 15 12 31 0 28
- 16 47 46 7 43
+ 22 19 18 23 30 15 46 45 1 2 35
- 22 2 3 5 36 12
+ 9 0 18 13 10 47 23 37 24
+ 18 29 29 19 17 19 17 19 17 21 17 0 21 43 29 19 33 17 21 49 7 6
- 24 34 34
- 22 7 42 3
+ 22 10
+ 25 7 46 45 18 3
- 42 9 48 25
- 35 21 2
- 16 34 12 9 25 7 40 44 1 44 44 34 24 9 7 8 19
- 25 25 46 28 33 15 43 34 45 7 6 45
+ 18 4
+ 15 28 26 45 43 10 35
- 23 2 46 16 11 7 17 28
+ 9 2 11 3 14 3 31 1 22 4
- 9 3 3 26 18 46 32 18 2 39 34
- 38
+ 18 25 29 19 17 19 17 19 17 21
- 14 18 1
- 40 22 15 24
+ 15 5 3 14 5 46 1
- 18 25 31 1
+ 22 2 26 46 22
+ 16 47 26 8 31 0
+ 9 46 3 14 37 7 1 44 40 2
- 8 22 37 10 37 28 36 35
+ 16 37 16 5
+ 15 36 20 12
+ 28 5 3 3 14 17 17 44 46 35 1 5 13 17 40 4 48 9 28
- 47 0
- 5 25 25 45 22 45 41 26
+ 25 25 11 1 21 18 21 22 34 40 35 46
- 8 25 46 16 35
+ 18 33 29 19 33 17 19 33 33 33 17 21 19 29 21 19 29 21 25 10
- 47 9 21
- 25 7 40 3
+ 25 25 8 19 28 1 22 4 44 46 2
+ 18 25 29 19 17 19 17 21 17 5 5 17 19 17 19 17 21 17
- 2 3 31 45 14 44
+ 28 40 48 9 28
- 18 12 9 15 46 12 46 0
- 49 29 27
+ 16 37 9 46 27 12 18 18 37 38
+ 25 7 36 20 48 46
+ 9 2 13 2 26 8 10 37 24
- 17 34 35 21 23 23 0 19 31 0 45 36 15 13 7 47 26 34 10 7 20 31 30 9 29 28 4
+ 22 2 37 25 8 31 0
- 18 4 15 29 19 17 34 1 19 17 21 43 29 21 25
- 44 28
+ 15 28 26 45 17 17 40 4 40 45 41 8 2 18 37 43 39 38 3 26 33
- 15 19 36
- 9 2 11 27 31 3 18 24 33
- 23
- 18 4 45 19 11 33 19 45 21 49 9 25 7 0
+ 15 36 20 12 46 28 3 31 1
+ 15 1 44 40 2
- 22 12 5
+ 16 47 23 37 29 27 42 0 28 4
+ 22 2 18
+ 28 40 12 21 4 48 1 17 17 12 21 35 9 28
- 3 47 35 20 15 28 23 0 0 27
- 9 31 26 33
- 38 16 5
- 15 28 39 28 1 5 46
+ 15 1 44 40 2
- 25 7 40 42 44
+ 15 40 5 46 45 34 45 7 21 0 0 31 18 10 7 4 19 29 19 33 17 19 17 21 43
+ 25 7 1 5 13 21 18 2 35
+ 16 37 18 21
- 25 25 11 10
+ 22 10 45 9 9 0 0 3 14 46 25 46 16 5
- 18 29 29 21 36 29 19 47 33 17 19 17 21 49 7 45 29 21 49 9 15 18 3
+ 22 19 18 4
+ 28 1 5 21 4 48 45 28
+ 18 33 29 19 33 17 19 33 33 33 17 21 19 29 21 19 29 21 25 10
- 25 25 8 40 5 33 10 34 29 29 19 33 17 19 17 21 33 22 21 43
- 9 26 17 42 33
- 14 49 2
- 18 33 29 21 17 0 20 21 17
- 22 10 12 28 24
+ 28 41 46 9 29 27
- 28 46 25 45 21 34 44 26 46 9 2 11 27 12 0 27 27
+ 28 5 14 44
+ 9 0 3 20 37 38
+ 28 34 37 15 40 48 1 22 4 48 24 21 35 1 22 35 9 28
+ 25 7 34 45 7 20 30 16 45 9 28 1 2 35
- 15 46 4 34 12
+ 16 45 7 45 29 19 33 33 33 17 19 33 17 19 17 19 33 17 19 33 33 17 19 33 17 21 25 26 33 33 17 21 19 29 21 17 42 17 49 9 22 2 39 34
+ 25 25 46 22 31 40 5 33 2 13 31 0
+ 28 28 46 7 36
+ 18 29 29 21 17 5 5 17 19 33 17 19 33 17 21 25 32 9 19 17 21 19 29 21 17 8 9 25 25 8 19 22 31 40 48 3
+ 28 1 43 10 35
+ 18 4 29 19 33 33 33 33 33 17 21 43 29 21 25 32 8 17 19 33 33 33 33 33 17 21 19 29 21 19 29 19 17 19 33 33 33 17 19 17 21 25 32 5 17 19 17 19 17 19 33 17 19 33 33 33 33 17 21 19
- 22 12 19
- 12 7 26 10 7 4 47 21 17
+ 16 34 1
+ 9 46 3 14 46 7 34 5
+ 9 0 3 23 5 3 19 15 0
+ 25 7 46 45 18 3
- 25 25 7 0 3
- 9 25 24 24 46 23
- 17 28 5 44 41 8 9
+ 28 41 8 31 33 19 16 35
+ 16 45 9 28 46 2
+ 18 35 4 43
- 14 29 24
- 21 28 6 24
+ 22 10 37 18 33 29 21 49 9 24
- 9 46 22 27
- 31 27 46
+ 22 10 45 9 15 28 26 46 34
+ 28 28 37 7 0
+ 25 25 8 10 37 22 10 34 4 29 21 43 29 21 36 29 21 36
- 5 38 7 36 20 33 48
- 32 0
- 25 25 8 10 47 3 10 34 12 7 45 29 11 33 17 19 33 33 33 33 33 33 33 17 21 19 29 21 25 17 40 26 8 17 21 17 32
+ 16 47 11 27 12
- 14 34
- 15 36 36 20
+ 22 2 11 27 27
- 25 7 40 44
+ 15 28 26 45 17 21 22 18 22 2
- 22 10 47 39 15 46 30 41 11 1 2 35
+ 16 47 23 37 29 27 42 0 28 4
- 0 18 33
+ 16 47 39 18 25 29 21
- 8 22 37 10 37 28 36 35
- 45 30 25
+ 15 34 34 23 30 28 34 5
- 25 43 7 34
- 22 31 40 44
- 22 47 31 1 42 25 49 38 12 48 0
+ 22 10 45 7
- 15 12 31 0 28
+ 22 2 13 31 40 5 0
- 9 37 33
- 15 36 44 33 31 41 33 19 9 33 30 23 5 23 37 46 27 31 0 3 18 24 33
- 38
+ 9 25 8 3 0 3
+ 16 37 28 41 11 1 22 4 12 46 18 46
+ 22 19 22 10 47 11 27 42 18 11 27 12 18
+ 25 25 8 19 16 34 25
- 4 18 19 35 45
- 36 46 3
- 30 15 18 23 6 24
+ 25 7 41 8 10 45 7 21 23 18 10 7 20 30 25 25 8 31 41 8 31 18 45 28
- 9 9 15 44 28 4
+ 18 12 9 15 28 13 2
+ 15 36 20 44 28 26 8 31 46 45 5 3 14
- 24 31 25 2
- 9 37 33
+ 9 0 18 3 10 45 7 20 30 16 5
+ 22 31 41 46 15 33 19 24
+ 22 10 47 23
- 28 28 39 43 46 35 26
- 25 25 46 9 25 8 3 2 37 2 25 45 22 45 34
+ 18 4
+ 28 41 11 1 5 13 17 12 21 45 2
- 9 5 37 46 25 46 22 10 5
- 9 26 9 33
- 38
+ 22 19 9 29 3 14 39 18 12 7 6 4 36 29 21 49 9 16 5
- 41 18 13
+ 25 7 36 20 48 46
+ 22 19 18 4
- 28 28 41 15 45 44 1 40 5 31 15
+ 16 45 7 45 29 19 33 33 33 17 19 33 17 19 17 19 33 17 19 33 33 17 19 33 17 21 25 26 33 33 17 21 19 29 21 17 42 17 49 9 22 2 39 34
- 22 25 7 47 35 3
- 44 15 34 37 29 18 33 5 19 33 17 19 21 36
+ 18 12 7 45 29 19 17 21 49 7 6 45 29 19 17 21 25 26 8 33 33 17 19 33 33 17 19 17 21 49 9 18 12 9 16 37 24
- 13 3 26 35
+ 18 33 29 19 17 19 17 19 17 19 33 33 17 19 17 19 17 19 33 33 17 21 43 29 19 33 17 21 36
- 32 25 46 22 19 43 24
- 38 16 5
- 40 18 33 29 21 44 19 33 33 17 21 17 17 14 33 17 21 36 29 19 17 21 17 8 9 18 33 29 19 17 21
- 9 47 3
+ 25 7 36
+ 9 36
- 18 33 29 38 21 49 22
- 22 10 47 13 14 10 45 7
- 16 34 12 9 25 7 40 44 1 44 44 34 24 9 7 8 19
- 46 45 18 45 28
- 10 1
+ 18 29 29 21 43 29 21 19 29 19 17 21 25 10
- 28 40 40 45 18 39 22 35 45 28
+ 22 2 26 46 22
+ 15 34 47 26 46 15 34 5
- 22 8 6
- 9 23 22 21 33
+ 16 47 23 37 29 3 18 29 28 4
+ 16 37 16 5
- 16 45 9
- 9 25 8 31 38 37 36 37 39 22 10
- 25 8 25 46 9 46
+ 25 25 46 18 33 29 19 33 33 33 17 19 17 19 33 33 17 21 19 29 21 49 7 6 4 43 29 21
- 40 18 33 29 21 44 19 33 33 17 21 17 17 14 33 17 21 36 29 19 17 21 17 8 9 18 33 29 19 17 21
- 9 27 0 18 37 7 0
- 30 41 20 3
- 15 18 35 21 23 0 23 18 10 9 22 19 28 1 43 10 35
+ 25 7 18 1 21 18 22 2
+ 28 1 44 12 13 17 12 21 35 46
+ 16 47 11 27 42 3 37 46 7 40 40 45 5 3 3 14 21 22 34 12 21 4 12 21 45 2
+ 15 36 20 40 35 46
+ 18 35 21 0 45 44
+ 15 40 48 24 46 28 13 19 18 21
+ 18 12 9 28 5 3 14 5
+ 15 5 14 5 21 4 44 5 14 2 35
- 38
- 18 29 29 21 36 29 19 47 33 17 19 17 21 49 7 45 29 21 49 9 15 18 3
- 16 34 28 44 43
+ 28 1 5 21 4 48 45 28
+ 15 46 45 40 40 35 45 28
+ 16 37 18 21
- 18 29 29 19 33 33 43 33 33 21 49 9 24
- 1 39
- 28 40 46 12 13 17 18 35 24 48 2
- 28 27 46 45 1
- 25 2 7 18 45 28
- 15 5 16 28
+ 25 25 46 25 25 8 31 33 31 28
+ 28 34 47 13 19 15 36
- 12 22 10 17
+ 9 36
- 9 6 31
+ 18 35 21 0 45 44
- 29 42
+ 16 45 9 28 5 3 3 3 3 3 14 21 46 48 24 13 17 12 21 35 24 13 21 34 5 36 20 48 9 28
+ 28 1 43 10 35
+ 15 40 5 46 45 34 45 7 21 0 0 31 18 10 7 4 19 29 19 33 17 19 17 21 43
- 34 22 10 45 9 5 31 18 3
+ 16 45 9 25 25 11 24 13 21 34 5 28 11 27 27
+ 16 45 7 21 0 0 23 18
- 9 28 27 42 8 3 18 26
+ 25 7 36
- 25 16 46 18 44 5 9
- 13 3 26 35
+ 16 37 28 1 5 13 21 18 21 18 44 12 21 2
+ 9 36 20 5 15
+ 16 47 39 28 33 2 26 46 24
- 17 9 0
+ 25 25 8 31 1 21 18 17 17 44 28 18
+ 16 37 28 1 5 13 21 18 21 18 44 12 21 2
- 3 44
+ 28 28 11 28 4
- 18 43 25
- 9 7 0 28 42
+ 25 7 18 1 21 18 22 2
- 25 27 41 42 34
+ 15 28 26 45 17 17 40 4 40 45 41 8 2 18 37 43 39 38 3 26 33
- 9 31 26 33
- 22 2 46 25 46 22 2 26 18 45 22 45 28 13 19 36 20
+ 9 25 5 46 7 18 24 46 2
- 45 26 17 23
+ 16 47 13 10 5
- 39 5
- 25 8 38
+ 9 0 3 23 5 26 8 19 16 5
+ 15 5 14 17 21 46 5 28 37 25 8 19 16 35
- 45 35 9
+ 22 19 9 46
- 18 23 30 47 37 1 44 48 9 28
+ 28 34 37 15 40 48 1 22 4 48 24 21 35 1 22 35 9 28
- 14 29 24
- 18 29 29 38 19 17 19 49 33 33 33 33 17 19 17 17 25
- 20 47 35
- 28 33 7 10 35
- 22 10 37 39 36
- 9 29 3 14 39 22 19 22 35 21 18
- 18 29 21 43
+ 25 25 45 17 17
+ 25 7 5 14
+ 9 25 8 3 0 18 18 17 33 30 37 13 19 9 24
+ 16 47 11 27 42 3 37 46 7 40 40 45 5 3 3 14 21 22 34 12 21 4 12 21 45 2
+ 16 34 25 29 21 25 26 5 33 17 21 19
+ 28 34 37 9 25 8 3 29
+ 9 0 3 23 8 11 28 23 37 24 33
+ 15 34 34 23 30 25 25 8 31 40 12 46 5 3 3 14 22 35 24 46 2
+ 25 7 46 45 34 37 15 40 5 5 14 2 35
+ 22 2 18 17 5 3 2 37 25 45 5 21 45 1 22 2
- 17 28 5 44 41 8 9
+ 15 28 13 10
- 29 22 36 10 26 7 5
- 22 19 16 28
+ 28 28 46 7 36
+ 15 36 20 40 35 46
- 22 7 42 3
+ 22 19 15 33
+ 25 25 45 21 34 44 33 31 33 2 18
+ 25 7 40 12 46 1 21 22 18 44 5 18 3
+ 16 45 9 24
+ 9 0 0
- 3 48 37
+ 18 25 29 19 17 19 17 21 17 5 5 17 19 17 19 17 21 17
+ 15 28 37 25 45 22 2
- 25 46 2
- 31 15 35 1 43 10 35
- 39 18 25 29 19 33 17 21 49 7 6 25 25 11 45 28
- 24 8 15 33 10 5
- 25 25 8 40 5 33 10 34 29 29 19 33 17 19 17 21 33 22 21 43
+ 18 35 26
- 16 47 49 17 33 20 16
- 25 36 25 9
+ 16 45 9 25 25 11 24 13 21 34 5 28 11 27 27
- 16 40 4 5
+ 15 41 45
+ 15 5 14 44 5 1 17 17 12
- 37 18 9 28
- 30 18 21
- 16 47 45 46 18
- 15 33 2 37 7 12 2
+ 25 7 40 40 4 48 3
- 23 42 25 42 10 34 12 7 4 36 29 19 17 21 17 32
+ 16 37 28 5 3 14 2 35
+ 25 7 40 12 46 1 21 22 18 44 5 18 3
+ 22 10 45 9 9 0 0 3 14 46 25 46 16 5
+ 28 33 31 41
+ 22 2 11 27 27
- 12 28 41 11 24
+ 25 25 46 9 26 33
+ 16 37 9 25 33 30 20 5 15
+ 22 19 25 25 46 18 21
- 28 33 19 3
+ 15 46 45 41 8 10 34 21
+ 15 18 24 46 41 46 18 25
- 25 7 1 5 13 21 22 18 21 46 36 12 46 18 46
+ 28 33 31 41
- 15 18 24 37 0
- 28 5
+ 18 4 29 21 17
- 25 8 1 10 42 5
+ 15 46 45 40 40 35 45 28
+ 16 45 7 26 10 9 16 47 11 3 14 11 3 18 21
- 15 6 47
- 22 13 45 28 21 23 47 31 31 23 18
- 46 33 23 37 33 28 10 4
- 49 29 27
+ 25 25 8 10 47 23 37 26 33
- 32 46 20 0
+ 25 25 8 19 16 34 25
+ 22 2 37 25 8 31 0
+ 16 47 13 10 5
+ 9 46 3 14 18 37 43 39
+ 18 35 26
+ 25 25 46 22 31 5 14 22 35 46
- 5 2 24
+ 22 2 3 2 11 28 4
- 9 27 0 18 37 7 0
+ 28 5 3 3 14 17 17 44 46 35 1 5 13 17 40 4 48 9 28
- 1 9 24 33
- 6 22 10 12 7 21 0 31 23 45 36 10 21 18
+ 28 40 48 24 46 36 20 40 4 48 24 21 45 36 20 12
+ 16 37 25 7 2
- 47 9 21
- 24 34 34
- 32 0
- 25 25 8 10 47 3 10 34 12 7 45 29 11 33 17 19 33 33 33 33 33 33 33 17 21 19 29 21 25 17 40 26 8 17 21 17 32
+ 15 36 20 12
+ 22 2 46 7 1 21
+ 28 28 37 7 0
- 25 25 8 31 28 13 42 45 9 28 31
- 41 18 13
+ 28 1 43 10 35
- 46 28 25 28 39 40 9 9
- 28 5
- 25 7 1 5 13 21 22 18 21 46 36 12 46 18 46
- 46 1 17 17 18 21 18 48 13 21
+ 22 2 3 10 5
+ 25 7 1 17 17 5 36 20 44 34 5
+ 22 2 46 7 28 39 25 7 5 3 3 14 22 2
- 23
- 9 36 20 14 30 23 8 27 0 0 27 27
+ 22 19 9 46
+ 22 31 33 31 1 17 21 46 12 13 17 48 3
- 18 25 29 19 24 33 17 37 19 17 19 33 17 19 17 36 29 21 13
- 22 19 16 34 43 31 0 21 0 0 31 45 20 36
- 41 25 2
- 27 24
- 16 7 18 35 30
- 30 41 20 3
+ 28 41 45 44 40 2
+ 9 2 3 2
- 23 42 25 42 10 34 12 7 4 36 29 19 17 21 17 32
+ 16 34 4
+ 25 25 46 28 34 5
+ 15 34 47 13
+ 28 46 35 45 28
- 36 3 3
- 22 12 19
- 9 25 24 24 46 23
+ 9 46 27 12 3 37 37 7 34 47 46 25
- 15 40 5 40 5 3 14 47 2 42 35
+ 25 25 46 22 31 5 14 22 35 46
- 28 10 46 4 44 41 11
+ 25 7 28 18 14 20 16 20
- 0 18 37 25 8
- 31 49 15
- 25 7 40 44
+ 22 2 39 25 7 0
+ 15 18 1 43 10 35
+ 15 36 20 12 13 17 48 3
+ 22 19 22 10 47 11 27 42 18 11 27 12 18
- 25 25 46 9 25 8 3 2 37 2 25 45 22 45 34
- 18 33 29 19 33 33 23 33 17 19 17 21 1 17 7 6 6 44 25 10
+ 16 47 18 14 20
- 36 9 39 33
+ 15 1 17 21 22 46
- 9 23 22 21 33
+ 9 0 0
+ 15 33 2 39 24
- 17 22 29 12 25
- 15 36 35 44 40 5 34
+ 28 1 44 40 35 1 5 46 40 48 9 28
+ 22 2 13 19 15 41 46 24
+ 28 5 14 17 17 48 1 17 17 40 35 9 28
+ 15 1 5 13 21 34 44 18 24 21 35 46
- 9 28 27 42 8 3 18 26
- 9 47 3
- 22 19 9 49
+ 15 1 44 40 35 46
+ 18 29 29 19 33 33 17 21 25 10
- 25 25 11 10
- 28 46 25 45 21 34 44 26 46 9 2 11 27 12 0 27 27
- 26 36
+ 25 25 8 10 34 23 30 24
- 3 48 37
+ 18 12 7 45 29 19 17 21 49 7 6 45 29 19 17 21 25 26 8 33 33 17 19 33 33 17 19 17 21 49 9 18 12 9 16 37 24
+ 22 2 37 25 45 2 35
+ 15 33 2 39 24
- 15 42 0
- 42 48
- 28 40 46 12 13 17 18 35 24 48 2
+ 25 7 33 19 16 47 39 24
+ 25 7 33 31 28 11 27 12 18 13 10 35
- 1 9 24 33
+ 25 7 40 48 24 13 21 34 12 13 21 22 18 2 35
+ 28 36 20 5 40 40 2
+ 15 34 34 23 30 25 25 8 31 40 12 46 5 3 3 14 22 35 24 46 2
+ 28 46 4 44 36 20 5 2
+ 9 29 3 14 26 8 31 1 44 40 35 45 28
- 16 47 13 43 25 7 34 47 13 2 32 8
- 18 41 33 29 19 17 19 17 19 26 17 19 17 17
+ 9 0 3 23 5 26 8 19 16 5
+ 28 5 3 14 22 2
+ 25 25 8 31 1 21 18 17 17 44 28 18
- 28 40 12 13 17 3 48 29 43 10 35
- 18 33 29 21 17 0 20 21 17
+ 9 2 11 3 18 26
+ 16 45 7 6 21 0 18
- 23 12 10 6 25
+ 22 10
- 22 31 40 13 17 48 45 28
- 1 17 40 17 44
+ 15 46 45 41 8 10 34 21
+ 15 5 3 14 17 21 46 5 18 1 2 35
- 25 46 2
- 18 0 30 22 40 35
+ 28 41 46 9 29 27
+ 22 2 3 10 5
- 18 33 29 19 33 33 23 33 17 19 17 21 1 17 7 6 6 44 25 10
+ 16 45 9 25 7 28 26 8 10 5
- 25 8 48 0
- 1 2 5 42 46 34 37 34
+ 25 7 36
+ 25 7 5 3 3 3 14 21 22 46 44 28 13 10 5
- 5 12 2
+ 22 19 25 7 41 46 24
- 49 19
- 40 22 15 24
- 14 45 9 34 21
+ 9 2 23 37 0 0 3 14 23 37 46
+ 22 19 9 25 5 46 7 0
- 25 25 10 44 13 28 26 11 3
+ 22 19 16 45 7 20 30 25 7 2
+ 9 25 5 46 7 18 24 46 2
- 9 25 8 31 38 37 36 37 39 22 10
- 25 28 1 43
+ 25 25 46 18
- 15 46 4 5 33 10 37 25 19 25 46 18
- 32 22
- 25 8 48 0
- 9 43 39 33 10
- 28 40 37 48
- 15 36 35 44 40 5 34
- 18 12 9 15 46 35 1 21 22 22 17 22 34
- 9 5 37 46 25 46 22 10 5
- 25 16 46 18 44 5 9
- 24 10 0 9 35 24
+ 16 45 9 28 46 2
+ 25 7 5 3 14 21 22 46 40 2
- 42 28
- 28 40 12 13 17 3 48 29 43 10 35
+ 9 2 11 3 14 11 27 12
+ 9 36 37 26 45 43 10 35
+ 9 2 37 7 46 35 46
+ 15 5 3 14 5 46 1
+ 18 12 7 21 0 23 31 18 10 7 6 4 19 29 19 33 17 21 17 17
- 28 1 41 43 10
- 29 42
+ 16 47 11
- 45 26 17 23
+ 28 28 13 10 5
+ 22 19 15 34 45 7 4 19 29 21 49 9 15 5 3 3 14
- 18 33 29
+ 22 19 22 2 18 14 30 23 33 20
+ 22 19 25 25 46 18 21
+ 25 7 40 48 24 13 21 34 12 13 21 22 18 2 35
- 9 29 3 14 39 22 19 22 35 21 18
- 15 33 2 37 7 12 2
- 25 7 5 3 3 11 3 3 45 14 11
- 16 47 46 7 43
- 23
+ 18 4 29 19 33 33 33 33 33 17 21 43 29 21 25 32 8 17 19 33 33 33 33 33 17 21 19 29 21 19 29 19 17 19 33 33 33 17 19 17 21 25 32 5 17 19 17 19 17 19 33 17 19 33 33 33 33 17 21 19
- 28 40 37 48
+ 25 7 5 14 17 17 40 2
+ 9 29 3 14 18 5 15 15
+ 9 25 5 18 37 41 37 3 31 28 11 27 42 3 37 18 14 20
+ 18 29 29 21 17 5 5 17 19 33 17 19 33 17 21 25 32 9 19 17 21 19 29 21 17 8 9 25 25 8 19 22 31 40 48 3
+ 18 4
- 15 46 31 35 1 2 35
+ 28 34 37 9 25 8 3 29
+ 22 31 33 19 9 46 27
- 18 21 36 34
- 5 25 25 45 22 45 41 26
+ 16 34 25 29 21 25 26 5 33 17 21 19
- 9 25 4 7 40 6 2
- 20 28 22
- 25 7 36 0
- 31 27 46
+ 9 0 3 23 8 43 39
- 27 24
- 15 34 2 18 14 49 19 28
- 21 28 6 24
+ 25 7 28 18 17 5 23 37 2 37 7 1 44 44 0
+ 18 33 29 21 25 32 33 33 17 21 17 40 26 5 33 33 33 33 17 19 17 19 17 21 17 42 5 5 17 19 17 21 17 17 14 8 17 19 33 33 17 19 17 19 33 33 33 33 33 17 21 19 29 19 17 21 17 8 7 21 45 36
- 22 2 46 25 46 22 2 26 18 45 22 45 28 13 19 36 20
+ 28 46 45 28 13 2 18 5 15
- 18 30 1 18 5 19 2 1
+ 28 46 35 45 28
+ 22 19 18 4 29 19 17 21 19
- 28 28 41 15 45 44 1 40 5 31 15
+ 16 37 28 2
+ 22 19 16 35
+ 22 31 40 40 45 28
- 28 33 19 3
+ 28 34 45 9 24
- 49 33 19
+ 18 29 29 21 49 7 21 45
+ 25 25 46 28 34 5
- 20 29 30
+ 25 25 8 10 47 23 37 26 33
+ 28 40 5 34 34 29 29 21 43
- 22 8 6
+ 25 25 46 18 35
+ 25 25 8 19 28 1 22 4 44 46 2
+ 28 36 20 12 13 17 40 35 24
- 22 10 37 39 36
+ 25 7 41 8 10 45 7 21 23 18 10 7 20 30 25 25 8 31 41 8 31 18 45 28
+ 9 46 3 14 37 7 1 44 40 2
- 49 42 39
+ 16 45 9 24
+ 18 35 4 43
- 14 18 1
- 19 0 35 31 34
- 47 43 48 8
- 36 3 3
- 25 25 8 2 13 31 44
+ 25 7 33 31 28 11 27 12 18 13 10 35
- 46 25 43 33 31 40
+ 15 33 2 11 28 4
+ 25 7 5 14 17 17 40 2
- 39 5
- 15 34 45 15 15 1 43 10 35
+ 9 2 23 37 0 0 3 14 23 37 46
- 39 43 20 18 15 3
- 7 18 43
- 47 43 48 8
+ 16 37 28 2
- 25 29 25 11 31 46
- 13 25 8 31 20 48 9 28
+ 22 2 18 17 5 3 2 37 25 45 5 21 45 1 22 2
+ 25 25 46 15 36
+ 16 47 39 28 33 2 26 46 24
+ 22 19 22 2 18 14 30 23 33 20
+ 28 36 20 5 40 40 2
- 18 25 29 19 24 33 17 37 19 17 19 33 17 19 17 36 29 21 13
+ 9 29 3 14 26 8 31 1 44 40 35 45 28
+ 25 7 41 11 1
- 25 16 13 3 12 9 28
- 15 34 45 15 15 1 43 10 35
- 49 33 19
- 28 48 46 45 21 33 5 31 0
+ 25 7 36
- 31 5
+ 25 7 34 45 7 20 30 16 45 9 28 1 2 35
- 32 25 46 22 19 43 24
- 37 37 6 23 25 25 24 5
- 18 30 1 18 5 19 2 1
+ 22 19 9 29 3 14 39 18 12 7 6 4 36 29 21 49 9 16 5
+ 25 25 46 22 31 40 5 33 2 13 31 0
+ 22 2 37 25 45 2 35
- 28 38 1 24 36 6 35
- 15 5 3 14 21 23 46
+ 18 29 29 21 43
- 39 29 28
+ 15 1 17 21 22 46
- 18 0 30 22 40 35
- 16 3 24
+ 22 10 45 9 15 28 26 46 34
- 17 18 35
- 28 1 41 43 10
- 37 39
- 9 4 43 46 28 10
- 31 43 10
- 9 36 20 14 30 23 8 27 0 0 27 27
- 28 39 34
+ 22 31 33 19 9 46 27
+ 16 37 28 5 3 14 2 35
- 30 16 45 7 45 29 19 33 33 33 33 33 33 17 19 33 17 19 17 19 33 33 17 19 33 17 21
- 28 9 1 10 21 35 9
- 46 24 45 19 16 35
- 22 31 40 13 17 48 45 28
- 25 7 46 45 17 32 36
- 15 46 4 34 12
- 16 27
- 18 21 36 34
+ 15 36 20 44 28 26 8 31 46 45 5 3 14
