+ 33 11 27 44 39 13 0 12 19 19 40 5 0 26 6 47 1 31
+ 30 17 39 26 11 40 44 11 40 2 20 1
+ 6 44 12 13 0 6 2 20 1
- 6 2 1 1 1
- 30 17 12 17 31 28 7 28 45 20 1 1 1 1 1 1
+ 33 12 33 20 1 1 1 1 1 1
+ 33 11 31
- 19 46 13 20 10
- 46 40 28 42
+ 33 12 26 39 13 17 31 35 2 20 1 1
- 14 30 0 39 46
- 46 46
+ 26 6 26 24 40 26 11 27 24 22 33 12 13 0 12 19 27 5 0 33 31 7 44 31 17 11 31
- 16 9
- 5 0 46 43 43 6 37 44 9
+ 46 47 34 41 5 9
+ 46
+ 12 19 40 44 11 31
- 46 0 33 31 26 18 31 26 12 17 49 39 35 5 0 26 49 2
+ 46 43 43 49 1 31 45 24 22 12 40 44 31 26 31 13 0 12 31
- 5 20 22 33 24 17 45 1 26
- 46 20 17 1 45 16 24 5 0 12 17 42
- 33 31 28 5 13 47 11 40 28 13 0 6 5 0 12 31
+ 12 19 40 5 17 31 7 28 13 0 30 0 26 42
- 4 21 27 36 21 9
- 46 41 24 40 26 11 47 6
- 12 17 15 26 38 46 9
+ 17 25 21 42
- 6 49 28 24 23 20 48 1 1 1 1
- 38 5 33
+ 30 17 31 35 5 0 17 25 31 42
+ 33 39 17 11 31
- 33 26 39 17 44 1 11 31
+ 17 15 5 12 1 43 32 7 48 25 21 35 38 17 4 25 27 18 48 23 8
- 14 30 0 39 46
+ 26 45 16 27 2 20 1 1
- 26 45 42 32 40 45 2
- 33 39 40 26 12 7 2 33 1
- 17 33 20 32 31 36 5 15 24 45
- 17 19 33
- 26 24 20 21 38
+ 6 28 17 39 13 17 39 7 2 20 1 1
+ 30 0 33 39 13 17 31 7 44 12 26 11 31
- 46 16 31
+ 6 5 17 39 17 12 33 20
+ 6 44 39 17 31 28 17 31 13 17 31 28 35 28 28 17 12 13 17 31 28 28 17 11 27 5 17 39 35 44 12 7 2 20
+ 30 0 6 5 0 30 17
+ 12 27 44 12 28 28 17 11 27 44 39 28 33 20 1 1 1 1 1 1
- 33 44 12 49
+ 6 28 26 39 13 0 12 27 2 20
- 26 47
- 6 28 33 20 11 1 1 1
+ 12 17 42
+ 26 6 26 38 46 26 24 15 27 23 41 6 9
+ 33 31 26 31 28 26 31 7 28 28 13 0
- 30 17 3 39 28 17 11 19 30 17 23 7 49 4
- 6 5 0 7 19 27 44 11 27 44 11 27 44 39 13 0 17 23 8
+ 46 43 43 45 24
- 6 48 5 17 42 2
+ 6 5 17 39 17 12 33 20
+ 17 15 8 42 43 49 4
+ 17 15 5 12 1 43 32 7 48 25 21 35 38 17 4 25 27 18 48 23 8
- 42 33 12 18 44 39 35 28 7
- 39 24 28 26 12 26 11 40 44 12 7 28 13 10 17 39 13 27 17 24 7 36 17 11 27 2 20 1 1 1
+ 33 12 35 5 0 33 31 13 0
- 12 40 26 44 11 17 26 38 12 17 6 20 19 40 2 20 1 31 1 1
+ 12 17 42
+ 12 40 5 0 12 27 2 20
+ 26 45 16 17 49 4
- 43 20 49 14 1 0 8
+ 17 12 33 20 45 48 15 24 1 25 21 35 24 15 27 25 34
+ 12 40 2 20 1 1 1 1 1 1 1 1 1 1 1
- 6 5 47 0 30 17 39 9 22 26 39 28 0 46 20 31
- 33 11 17 46 2 43 20 8 7 48 27 36 48 20
+ 33 39 17 11 27 28 35 28 17 39 13 0 26 49 4
- 30 41 0 26 45 16 40 5 17
+ 6 28 28 28 7 5 17 11 40 2 20
- 46 17 5 31
- 31 2 20
+ 33 11 17 6 47 6
- 35 27 36 14 24 22 5 19 2 12 49 21 49
- 6 32 39 37 33 20 1
+ 30 0 46 43 20 31 29 30 29 40 1 38 30 21 38 15 3 21 18 48 47 22
+ 6 5 0 12 17 42
+ 12 17 45 24 40 3 3 3 26 11 47 6 11 15 24 41 45
+ 30 17 31 35 28 13 17 39 7 44 31 13 17 31 17 11 40 44 39 33 20
+ 33 39 35 5 0 26 45 16 19 17 42
- 46 20 40 28 35 28 10 17 11 17 49 25 12 42
- 6 5 25 11 40 2 20 1
+ 30 17 12 7 5 0 26 45 16 40 2 20
+ 17 12 13 20 34
- 2 26 12 18
- 33 12 35 44 6 26 11 29 42
+ 46 26 38 33 11 27 5 0 6 2 20
- 6 28 28 7 5 40 0 30 0
+ 6 28 33 20 1 1 1 1
- 40 2 20 1 1 1 1 1 1 1 1 1
- 46 47 22 20 45 48 21 26 33
- 6 28 13 17 12 28 7 28 13 17 20 26 33 20
+ 33 39 7 5 0 33 12 26 12 28 28 13 0 6 44 12 7 44
- 30 0 46 43 20 19 32 32 44 11
- 6 2
+ 17 25 31 13 43 49 4
- 46 47 34 48 4 14 36 14 7 11 32 45 11 32 45 30 14 45 16 37 37 11 13 25 32 45 37 34 25 35 13 25
+ 33 39 13 17 11 40 28 26
+ 30 0 12 19 17 45 38 6 2 20
+ 17 27 22 11 32 45 30 45 45 11 32 45 11 32 45 34 25 13 25
+ 17 4 14 36 48
+ 6 44 39 28 17 31 26 11 40 44 31 13 17 31 17
- 27
+ 17 12 49 24 40 25
+ 46 43 43 6 20 17 49 49
+ 46 20 40 44 31 7 28 33 20 1 1
- 30 17 39 11 40 5 0 17 27 22 11 32 45 11 32 45 37
+ 30 17 12 26 11 27 28 26 11 40 44
- 30 0 26 45 38 17 4 25 48 36 23 20 20 42 20 20 20 20 20 20 20 20 20
+ 17 27 24 40 3 25 40 26 11 0
- 17 4 21 0 41 6 16 36 29 46
- 30 30 0 12 40 2 44 1
+ 26 6 26 24 40 26 11 27 24 22 33 12 13 0 12 19 27 5 0 33 31 7 44 31 17 11 31
+ 17 21 33
- 19 4 29
- 12 17 45 38 6 28 17 48 39 33 20
- 12 40 0 28 28 28 33 20
+ 26 6 43 43 45 24 15
+ 12 27 44 31 33 20 1 1
- 40 28 35 2 20
- 26 45 16 40 20 1 1
+ 26 45 24 22 33 11 27 44 39 28 33 20
- 25 45 48 15 27 27 36 14 36 21 38 27 25 18 32
- 29 33 38 31 35 42 4 34 44 11 19 31
+ 6 44 31 28 17 31 7 5 0 17 12 1 40 20 43 42
+ 6 5 0 26 42
- 6 5 0 26 3 42
+ 46
- 17 15 1 27 24 25 6
- 12 17 12 33 20 21
+ 12 17 6 47 22 43 49 45
+ 30 17 39 35 44 39 7 2 20 1
- 12 33 31
- 33 31 18 11 17 45 24 40 3 25 40 3 26
- 39 17 42
- 21 23
- 33 11 19 27 28 17 31 20 31 17 12 11 17 42
+ 26 45 38 46 26 24 22 12 27 44 39 28 28 35 28 28 13 17 31 26 12 33 20 1 1 1 1 1
- 46 47 32 18 48 16 41 9 49 43 8 49 16 49
- 42 17 0 48 41 4 20 27 24 15 27 24 16 41 30 0 41 6 21 12 48
+ 33 39 26 31 28 7 2 20 1
- 45 38 30 17 11 40 2 20 1 23 1 26 1 1 1 1
- 17 38 14 27 25 15 19 1 7 48 25 8 1 15 37 38 49 13
- 26 46 45 16 31
- 41 28
+ 33 39 26 39 13 0 12 17 49 4
+ 30 0 12 27 44 11 19 31
- 26 47 39 49
- 46 20 40 28 35 28 10 17 11 17 49 25 12 42
- 33 22 39 17 31 13 17 12 17 39 31 28 13 0
+ 26 49 2 12 6 43 20 45 48 29 46
- 33 12 49 35 41 17
- 33 35 7 17 39 26 12 7 44 26 31 33 20
+ 6 5 0 46 26 38 17 4 21 16 23
+ 12 27 44 31 26 12 28 28 33 20 1 1
+ 26 49 2 12 45 38 46 20 40 28 7 28 26 39 26 39 13 0 17 38 27 4 48
+ 17 12 2 12 27 5 17 12 13 17 39 33 20
+ 46 20 19 19 40 28 7 44 39 33 20 1 1
+ 46 47 42 0 43 6 26 16 31
+ 46 43 20 10 20 31 21 47
- 7 40 12 31
+ 17 27 22 30 45 45 30 46 34 25 13 25 13 25 35 13 25 32 45
- 31 46 16
- 11 20 26 22 25 45 17 0
+ 46 43 43 6 43 20 44 13 48 15 16 36 25 5 4 14 22 34 25 35 13 25 35 13 25
+ 12 40 44 12 35 2 20
- 6 13 19 1
- 36 40 5 0 30 17 12 7 12 31 13 0
+ 33 39 33 20 1 1 1 1
+ 30 0 17 21 33
+ 33 11 17 45 38 26 6 47 38 7 24 20 29
+ 46 26 16 19 40 28 33 20
+ 12 27 44 11 31
+ 12 27 28 17 31 7 28 17 31 28 26 12 28 28 35 2 20 1 1 1
- 30 0 17 38 27 41 30 16 41 16 49 30 15 24 45
- 24 30 49 17
+ 30 17 31 26 12 7 5 17 39 7 28 26 31 35 44
- 46 15 2 17 6 9
+ 33 39 13 17 11 19 19 27 5 0 6 5 17 31 26 39 35 2 20
+ 30 17 31 28 28 35 2 20
- 6 47 19 19 40 44
+ 33 11 19 19 19 17 6 20 17 42
+ 6 28 28 33 20
+ 33 12 35 44 11 31
+ 46 20 27 28 33 20 1
- 20 30
+ 46
- 27 2
- 16 9
+ 33 12 26 12 13 17 31 35 2 20 1 1 1 1 1 1 1 1 1
- 30 17 12 7 44 11 40 44 12 13 17 39 8
+ 30 17 12 35 44
+ 33 11 40 2 20 1 1 1 1
- 34 21 8 35 0
+ 30 17 31 7 5 0 6 28 7 2 20 1
+ 17 25 21 1 14 43 49
- 26 36 12 27 28 39 41 20
- 26 16 17 49 38 26
+ 17 25 17 38 7 24
+ 46 43 43 45 38 46 26 24 6
- 0
+ 30 17 31 26 12 28 33 20
- 30 0 17 27 22 37 37 37 37 30 45 45 34 25 32 45 37 37 11 35 35 35 32 45 37 37 11 35 32 45 34 25 32 45 30 45 45 11 32 45 34 25 32 45 37 37 34 25 35 13 25 35 35 35 13 25 32 45 11 13 25 35 13 25 13 25 32 45 30 46 11 32 45 34 25 35 35 32 45 34 25 35 35 32 45 27 11 32 45 11 13 25 35 35 35
- 27 44 33 4 31 33 20
- 30 0 46 38 26 6 20 31
+ 30 17 31 7 5 0 6 28 7 2 20 1
+ 17 12 26 41 20 13 20 14
+ 46 20 19 19 40 28 7 44 39 33 20 1 1
- 6 34 35 31
+ 17 4 25 16 22 37 34 25 13 25 35
+ 17 21 33
- 2 17 12 2 7 2 20 1 1
- 46 47 27 6 17 11 16 39 41
- 30 47 4
+ 17 38 27 12 1 43 35 31 13
+ 12 19 27 5 0 26
- 30 17 31 28 44 44 12 28 28 35 7 28 26
- 30 3 17 11 17 49 45
+ 12 19 17 49 1
- 23 42 46 9
+ 17 21 17 41 17 8
- 22 30 17 39 26 31 28 26 39 26 39 17 31 13 17 39 18 17
- 30 0 33 39 26 45 12 12 26 31 26 11 19 28 7 28 20
- 33 22 39 17 31 13 17 12 17 39 31 28 13 0
+ 26 45 16 40 28 26 11 19 17 45 24
- 20 49
+ 33 31 7 5 17 39 28 35 2 20 1 1 1 1
+ 26 45 16 19 19 17
- 12 27 44 11 27 19 20 1
+ 30 0 6 5 17 39 7 5 17
- 17 12 35
+ 6 44 11 27 5 0 30 17 31 28 35 5 0 26 49 2
- 44 19 11 33 28 20 1
- 6 10 17
+ 46 43 20 32 14
- 43 45 31
- 6 44 17 14 15
+ 30 0 6 28 17 11 27 44 12 26 39 7 5 0 30 17 39 17 11 17 6 9
- 30 47 4
+ 46 26 24 40 25 6 11 23 41 40 15 5 16 41 16 30 16 41 49
+ 6 5 0 46 26 38 17 4 21 16 23
+ 12 40 44 11 27 5 0 12 17
+ 30 17 12 17 39 7 5 17 11 31
- 48 30 44 22 17 27 12 2 20
+ 12 27 28 7 2 20
+ 6 5 17 11 17 6 9
- 6 15
- 35 2 7 20 34 1 12 1 1 1
- 20 8 44 6 31
- 10 32 33 11 31
+ 30 17 12 26 12 17 11 31
- 46 5 17
- 49 3 5 11 17
+ 6 5 0 26 42
+ 12 27 44 11 17 45 16 17 45 24 22 46 9
+ 6 44 12 13 17 39 26 12 35 28 35 44 39 33 20
- 26 9
- 6 5 0 26 3 42
- 25 33 20
+ 46 43 43 45 38 46 26 24 6
- 20 17 0 30 10 41 9
+ 46
- 6 28 18 28 17 7 2 20 25 41 1 1
- 46 47 23 43
+ 30 0 12 17 49 49
+ 6 5 0 46 9
- 42 6 28 13 0
- 30 17 12 17 31 28 7 28 45 20 1 1 1 1 1 1
- 17 27 24 22 12 19 40 44 12 24 49 17 39 12 7 2 20
- 12 17 15 26 38 46 9
+ 30 17 39 26 11 40 44 11 40 2 20 1
+ 26 45 16 27 28 13 17 31 33 20 1 1 1 1 1 1 1 1 1 1
+ 6 44 12 7 28 13 0 6 44 39 33 20
+ 17 12 13 20 8 34 1 27 5 17 11 27 5 17 31 33 20 1
+ 33 39 13 0 6 28 26 11 19 19 27 28 28 35 28 13 17 11 27 44 31 28 26 11 31
- 33 28 17 12 17 11 5 1 11 17 45 24 35 27 25 19 45
+ 30 17 12 33 20 1 1 1 1
+ 17 12 1 47 20 10 45
+ 26 45 24 22 26 45 38 30 17 39 13 0
+ 30 17 11 19 27 2 20 1 1 1 1 1
- 11 6 41 9 20 1 1
- 19 46 13 20 10
- 36 35 0 41
+ 46 47 21 17 21 31 40 16 8 48 29 38 28 37 40
- 17 6 29
- 40 23 9
+ 30 17 12 28 7 44 12 26 39 7 28 33 20 1
- 3 9
+ 30 0 46 47 42 43 22 43 45 16 17 6 9
+ 33 39 17 31 13 17
- 12 40 5 46 20 31
+ 17 15 27 34 41 42
- 33 12 35 28 25 39 28 7 28 13 0 2 33 39 7
- 41 6 33 11 17 42
+ 30 17 31 26 31 28 35 5 17 11 17 6 43 20 34
- 6 5 17 12 35 28 13 26 6 5 0 6 2 20 1 1 1 1
+ 26 45 16 19 19 17
+ 30 0 12 27 5 17 11 17 49 49
+ 46 26 16 17 49 25 12 42
+ 6 5 0 17 27 24 40 26 11 4 21 47 40 3 26
- 7 46 26 16 27 28
+ 26 45 16 19 17 6 43 43 45 38 17 9
- 0 30 15 0 32 49 45
- 17 49 14
+ 6 28 26 31 7 44
+ 30 17 11 31
+ 46 47 42 40 20 43 6 47 42 19 35 20 43 6 43 43 6 20 19 17 42
- 33 33 20 18 1
- 30 0 46 26 38 12 2 20 1 1 1
- 11 20 26 22 25 45 17 0
+ 17 16 41 16 16 16
+ 17 15 8 42 43 49 4
+ 6 44 12 7 28 33 20
+ 33 39 17 31 13 17
+ 33 39 26 31 33 20
+ 46 26 16 19 17 45 16 19 31
- 46 16 26 38 7 27 24 37 6 28 31
+ 17 25 45 48 21 40 9
+ 30 17 11 40 44 31 13 17 12 7 5 0 30 0 12 40 28 33 20
- 49 17 39 0 26 6 43 20 34
- 33 12 13 13 24 39 39 33 20
+ 46 47 1 17 45 38 30 17 12 33 20 1 1
- 17 38 48 27 27 24 40 3 3 25 22 6 2 20
+ 26 45 38 6 2 20 1 1 1
- 28 33 11 17 49
+ 26 49 25 12 49 2 12 6 43 43
- 6 22 42
- 30 17 3 39 28 17 11 19 30 17 23 7 49 4
- 37 17 27 27 25 43 48 21 33
+ 30 0 33 12 17 39 7 2 20 1 1
+ 12 17 45 38 17 4 48 20 20 20
- 30 17 11 44 44 12 35 44 11 27 28 17 12 26 31 26 39 13 0 43 15 5 29 6 3 42
- 21 37 2 1
+ 33 39 7 44 12 13 17 12 35 44 31 28 17 31 35 28 7 44 12 13 0 46 9
+ 6 5 17 31 26 31 35 2 20
- 40 10 38 8 49 47 2
+ 12 19 40 5 0 17 12 41 27 6 20 21 29 28 49 14
- 17 38 35 27 27 36 48 20
- 26 30 19 6 20 17 45 11 16 31
+ 26 6 20 31
+ 33 31 7 28 7 2 20 1 1
- 7 5 17 39 7 28 7 2 20 37 1
+ 30 0 33 12 17 39 7 2 20 1 1
+ 26 49 1 31 49 2
+ 30 0 46 26 38 17 25 14
+ 46 26 38 26 6 47 21 8 46
- 6 26 20
+ 12 40 5 17 31 13 0
- 30 25 40 34 0 25 46
+ 17 15 5 27 22 30 46 37 37 34 25
- 30 17 35 44 39 33 20 28 1 1 9 1 1
+ 30 17 31 26 11 27 28 13 17 31 33 20 1 1 1 1 1 1 1 1
- 6 17 39 26 11 35 44 20
+ 46 47 34 8 48 0 30 22
- 33 12 26 12 26 39 6 1 1 25 47 1
+ 46 47 42 44 35 20 20 31 1 43 35 31 48 32 8 38
- 33 39 41 35 28 28 28 28 26 31 7 28 28 17 16 7 7 2 20 1 1 1 1 19 1 1 1 1 1 1 1
+ 30 17 39 35 28 28 28 13 0 6 5 0 33 11 17 45 24 15 27 27 24 22
- 15 9
- 2
+ 6 5 17 31 33 20 1
- 31 1 41
- 46 32 23 28
- 33 12 15 28 39 33 20
- 6 5 0 14 17 16 26 42 41 30 11 38 30 21
- 17 15 15 0 31 30
+ 46 26 38 17 29 18 48 15 24 42 25 5 21 6 38 27 29 40
- 6 5 47 0 30 17 39 9 22 26 39 28 0 46 20 31
+ 30 17 12 28 7 44 12 26 39 7 28 33 20 1
- 26 2 26 28 7 28 20 1 1
+ 46 43 20 10 36 27 7 48 25 21 32 13 48 16 23 7 7
+ 6 28 28 33 20
- 30 6 6 9
+ 46 47 11 16 19 19 31
+ 6 5 17 11 40 28 28 26
+ 12 19 17 6
+ 30 17 39 28 26 31 33 20 1 1 1 1
- 6 44 8 7 44 31 7 44
+ 30 17 12 28 28 26 39 26 11 17 49 25 12 45 24 22 33 11 40 28 28 17 31 13 17 39 28 33 20 1 1 1 1
- 7
- 35 2 7 20 34 1 12 1 1 1
- 28 42
- 12 27 30 2 20
- 28 33 11 17 49
- 30 0 31 13 17 12 33 20 1
- 18 41
+ 30 17 31 7 44 39 26
- 41 44
+ 30 0 6 2 20 1
+ 17 47 22 30 17 31 35 44 11 27 5 0
+ 6 28 28 35 5 17 11 17
+ 17 4 25 16 22 37 34 25 13 25 35
+ 33 39 35 44 11 19 27 44 39 28 7 5 17
- 30 14 12 28 21 17 31 13 31 28 17
- 38 36 17
- 47 31 12 48 11 31
- 17 4 14 36 14 22 30 11 46 11 32 45 30 46 37 37 34 20 32 45 34 25 35 13 25 32 45 37 30
- 17 29 6 33
+ 46
+ 33 39 35 28 7 44 39 7 44 11 17 45 38 26 45 24 40 3 3 3 25 15 27 15 16 36 48 20
+ 46 20 17 49 25 12 45 16 17 45 16 40 28 17
+ 46 43 20 44 13 48 47
- 27 2
+ 30 0 30 0 6 5 0 26
+ 17 15 5 27 22 30 46 37 37 34 25
+ 30 17 11 31
+ 30 0 30 0 6 2 20
- 8
+ 26 6 20 27 5 0 26 49 4
- 33 12 49 35 41 17
- 46 5 17
+ 46 47 1 27 44
- 6 28 28 26 31 17 7 28 28 17 12 26 11 31
+ 30 0 12 17 45 24
+ 12 19 19 27 28 17 39 35 44 12 13 17 39 13 0 30 17 12 17 12 35 44 31 7 28 26 39 17 39 13 0 46 43 43 6 43 20 21 28 49 10 48 7 48 16 23 7 27
+ 6 28 26 31 13 0 30 17
- 30 17 39 41 26 27 13 0 33 12 17 12 17 19 17 28 6
- 33 31 35 41 31 5
+ 30 0 12 27 44 39 33 20 1
+ 17 25 32 32 45 48 0 8
+ 26 45 24 40 3 3 25 40 25
+ 17 25 32 8 7 48 16 23
- 30 0 33 31 35 44 31 13 0 46 26 24 22 6 2 20 28 1 1 1 1 1 1
+ 12 17 42
- 7
- 26 20 44 13 48 16 41 16 49 30 34 46
+ 30 17 39 35 5 0 17 47 22 33 11 17 45 16 40 5 0 6 2 20 1
- 30 39 7 44 39 35 5 17 12 13 0 46 47 40 6 47 0
+ 26 49 25 12 6 47 38 7 29
+ 46 43 20 8 38 15 40 21 46
+ 6 5 0 12 19 17 42
- 17 16 24 16 16 16 29 16 30 38 27 15 7 48 4 21 4 21 47
- 15 24 41 1 47 15
+ 6 28 33 20 1 1 1 1 1 1
- 3 21 40 9
+ 33 12 7 5 0 17 21 6 16 23 7 27
+ 33 11 40 2 20 1 1 1
+ 12 17 42
- 17 5 0 17 9
+ 6 5 17 31 26 31 35 2 20
- 4 4 19 31
- 12 27 44 11 27 19 20 1
+ 46 47 21 31 48 13 48 27 22 34 25 13 25 35
+ 33 31 35 5 17 11 31
- 12 1 31
- 26 45 37 12 20 1 1 38 1 1
+ 30 17 39 17 31 35 2 20 1
+ 46 26 24 22 6 44 11 27 2 20
- 46 20 19 27 28 13 29 17 11 27 44 11 40 5 17 31 28 7 2 20 1
+ 30 0 30 0 33 11 40 44 39 7 28 26 12 26 12 26 39 35 28 17 39 33 20 1 1 1 1
- 44 11 27 28 35 28 35 5 12 19 40 21 20 1 1 1 1
- 6 3 17
+ 26 45 16 27 5 17 12 28 17 31 7 2 20 1 1 1
- 24 30 49 17
+ 26 45 16 19 17 6 43 43 45 38 17 9
- 6 2 20 42 24 1 1
+ 12 27 44 11 40 2 20
+ 46 20 17 49 25 12 45 16 17 45 16 40 28 17
+ 17 21 6 25 44 13 48 25 19 1 18 48 47
+ 33 11 40 44 11 40 44 39 26 39 33 20 1
- 46 16 31
+ 30 0 12 27 28 33 20 1 1
+ 26 45 16 19 40 2 20 1 1
- 46 20 21 43 34 40
+ 46 47 11 16 31
- 5 49 14 12 2
+ 6 44 12 33 20 1 1 1 1 1 1 1 1 1 1 1
+ 33 11 27 44 31 7 5 0 26 49
- 36 31
+ 26 45 16 19 19 40 44 12 35 2 20 1
- 5 30 48 32 17 11 17 6 20 40 21 2 20 1
- 31 17 34 23 30 22
- 12 17 45 38 6 28 17 48 39 33 20
- 25 33 20
+ 17 16 41 30 47 6
+ 26 49 4
+ 17 21 6 0 41 6 4 48
+ 17 23 30 22 41 9
+ 30 0 33 12 7 5 17 39 26
+ 6 28 28 28 7 5 17 11 40 2 20
- 30 17 11 44 44 12 35 44 11 27 28 17 12 26 31 26 39 13 0 43 15 5 29 6 3 42
+ 33 39 26 11 19 31
+ 12 40 28 26 12 35 2 20 1
+ 6 28 7 44 39 17 11 19 40 5 17 31 7 44
+ 12 19 27 5 17 11 40 44 39 7 28 28 33 20 1
- 27 37 35 46
- 30 17 31 7 5 22
+ 26 45 16 19 40 2 20 1 1
+ 17 16 41 30 27 36 25 24 42 48 20
+ 33 39 7 44 39 13 0 30 0 46 43 43 45 16 31
- 17 12 8 0
- 33 44 12 49
- 2
- 45 26
- 38 5 17 11 27 28 7 15 20 1 1 1 1
- 46 28 21 20
- 49 21
- 46 20 17 6 20 32
+ 12 40 5 17 11 27 2 20 1 1 1 1
- 39 6 20 19 40 5 0
- 6 23
- 6 15 29 20 49 1 1
- 25 0 12 27 5 12 31
+ 30 17 31 17 31 35 28 28 26 11 19 40 2 20 1 1 1 1 1
+ 26 45 24 40 26 11 0 41 40 23
+ 46 20 27 28 7 44 31 28 26 39 28 7 5 17 31 33 20 1 1
+ 26 6 20 27 5 17 12 17 11 40 28 26 39 7 2 20
+ 30 17 12 35 44 31 17 31 28 7 28 33 20
- 6 44 31 26 31 7 5 0 30 17 26
- 26 6 47 11 16 19 27 44 31 26 39 17 35 39 13 0 30 0 30 17 39 7 5 17 39 26 12 31 7 44 11 19 19 17 45 38 30 0 30 0 12 17
+ 17 47 15 27 25 10 20 8 48 4 14 24 22 12 27 44 31 7 5 0 17 4 14 36 25 24 36 5 21 6 21 6 21 40 23 8
- 3 17 31 13 0 46 47 38 49 25
- 2 19 30 26 12 35 36 2 25
+ 12 40 28 26 12 33 20 1
- 28 2 1 1 1
- 43 26 30
- 6 49 2 20 1
+ 17 25 44 13 48 12 43 18 48 23 8
+ 6 28 13 0 26
+ 46 47 41 49 2 12 49 25 12 49 1 31 49 49
+ 46 47 1 17 45 38 30 17 12 33 20 1 1
- 31 36
+ 30 17 11 27 28 26 12 35 28 26 31 17 11 19 27 2 20 1 1 1
+ 33 12 17 12 26 39 13 0 30 17 11 31
+ 17 21 33
- 12 1
- 33 12 17 22 33 20
- 46 26 49 12
+ 6 44 39 28 28 35 28 7 2 20 1 1
+ 17 23 30 22 41 9
- 6 24 2 1 5
- 33 12 28 28 33 20 26 1 1 1 1
+ 6 5 17 11 19 17 42
- 30 0 30 17 39 35 5 0 17 29 38 8 29 49 37 40
+ 46
+ 30 0 46 26 24 40 25 15 27 25 44 11
- 46 43 23 7 7
- 44 8 43 5 14
+ 46 43 43 49 1 31 45 24 22 12 40 44 31 26 31 13 0 12 31
+ 6 28 35 28 13 17 12 35 28 26
- 39 12 1 22 49
+ 33 39 26 31 26 39 33 20
+ 12 40 5 0 12 27 2 20
+ 12 19 27 28 17 31 7 28 33 20 1 1 1 1 1
+ 17 29 6 43 49 1 31 6 43 20 31 34 47 6
+ 12 17 45 24 15 27 9
- 33 17 19 25 24
- 43 26 30
+ 30 17 39 17 31 35 2 20 1
- 22 5 17 31 3 28 35 2 20
+ 30 17 39 28 17 39 17 39 7 44 11 19 27 2 20 1 1 1 1
+ 33 12 28 28 26
+ 12 19 40 5 17 31 35 2 20 1 1
- 49 1 35 4 44 21
+ 33 31 35 2 20
- 46 43 42
- 43 6 28 28 33 43 20
- 19 45 38
+ 6 5 17 39 13 0 12 19 27 5 17
+ 12 40 44 39 13 17 39 33 20
- 46 43 43 49 45 4
+ 6 28 26 31 13 0 30 17
+ 33 31 28 28 35 28 33 20 1 1
- 17 49 26 1
+ 30 17 11 19 27 5 17 31 7 5 17 31 13 17 12 7 2 20
- 2 37 26 2 20 33 20
- 17 27 24 22 12 19 40 44 12 24 49 17 39 12 7 2 20
- 12 27 28 26 33 31 7 2 20 44 1
+ 17 29 6 43 49 1 31 6 43 20 31 34 47 6
+ 26 45 16 19 19 40 44 12 35 2 20 1
+ 6 44 12 17 39 33 20 1
+ 33 39 26 11 17 6 47 6
+ 33 39 13 17 11 19 19 27 5 0 6 5 17 31 26 39 35 2 20
+ 30 0 33 39 26 31 26 39 13 0 30 17 31 17 12 17 31 17 12 13 0 46 9
- 8 24 49
- 40 28
- 30 17 11 19 40 13 28 26 11 27 28 7 5 17 11 17 6 47 35 20 43 42
+ 30 17 11 17
- 6 44 11 40 45 44 12 35 44 39 26 11 27 2 20 1 1 1 1
+ 17 21 33
- 13 17 6 26 24 22 40 26 27 22 30
- 25 36 26
+ 12 19 17 6 26 38 6 28 33 20 1 1 1 1 1
+ 30 0 6 5 0 33
+ 12 19 40 5 0 17 12 41 27 6 20 21 29 28 49 14
+ 17 29 38 8 28 37 46
- 17 27 36 4 23 22 43 25 45 11 32 45 11 32 45 37 37 34 25 32 45 30 46 9 34 25 35 32 45
+ 26 49 25 12 49 2 12 6 43 43
- 17 11 40 44 13
+ 46 43 20 10 1 29 40
+ 12 40 28 17 39 33 20 1 1 1 1 1 1 1 1 1 1
- 21 6 1 11 16 40 44 11 19 19 40 44 39 33 20 1 1 1 1 1 1 1
+ 17 15 27 18 48 15 16 36 48 20 20
- 17 33 28 33
- 37 17 27 27 25 43 48 21 33
- 43 20 49 14 1 0 8
+ 33 11 40 28 17 11 40 44 39 17 12 26
- 26 47 39 49
- 17 24 15 27 42 24 1 29 40
- 12 34 20 27 26 2 20 1 1 1 1 1 1 1
+ 26 45 16 17 6 43 43 42
+ 6 44 31 28 7 28 17 11 31
- 8
- 30 0 6 20 1 1 1 1 1
+ 46 26 16 40 28 26 31 28 33 20
+ 6 5 17 11 40 2 20 1
+ 33 12 26 39 17 12 7 5 17 31 13 0 12 40 28 33 20
- 30 17 12 5 17 39 32 26 28 17 39 41 20 18 1 1
+ 17 16 41 30 47 6
+ 26 45 38 33 12 13 0 17 47 15 27 16 23 7 7 7 7 7 7
- 17 12 5 17 12 13 49 43
+ 33 39 17 39 28 28 17 31 17 31 26 39 35 44 11 19 40 44 31 26 39 17 12 33 20
+ 46 47 42 47 20 31 43 6 43 49 45
- 30 6 0 46 17 20
- 12 19 27 24 2 29
+ 12 17 42
+ 33 11 19 19 40 44 39 7 2 20 1 1
- 46 25 9
+ 30 17 11 17
+ 30 17 11 19 40 2 20 1 1
- 11 30 7
+ 17 27 22 11 32 45 37 11 32 45 30 45 45 37 30 45 45 34 25 13 25 13 25 13 25
+ 33 11 40 28 17 11 40 44 39 17 12 26
- 6 12 27 5 17 12 26 32 28 7 5 0 6 28 33 20 1 1 1
+ 26 6 20 27 28 33 20 1 1 1 1
- 33 11 19 27 28 17 31 20 31 17 12 11 17 42
+ 30 0 30 0 46 43 20 32 45 48 12 41 16 36 48 20 20
+ 30 0 17 4 48
- 17 27 36 21 0 43
- 30 0 19 17 42
- 30 0 26 24 15 21 15 9
+ 33 39 35 44 11 19 27 44 39 28 7 5 17
- 30 0 23 30
+ 17 16 41 30 29 38 28 13
- 17 47 40
- 40 12 33 43 22 26 47
- 46 4 31
- 23 38 39 20 1 1
- 43 17 23 41 10 25 6 47 6
+ 26 45 24 40 26 11 21 33
+ 33 12 13 0 30 17 11 27 5 17 12 33 20
- 26 45 42 32 40 45 2
+ 46 47 40 49 4
+ 33 39 35 5 0 26 6 47 22 20 31 31 2 47
+ 17 12 33 43 42
+ 12 17 45 16 27 2 20 1 1
+ 33 39 13 17 11 27 28 13 0 46 26 24 40 3 25 6 11 16 23 7
+ 6 28 7 28 7 28 17 12 35 5 17 12 35 44 12 7 5 0 33 31 35 2 20 1 1 1 1 1 1 1
+ 30 17 11 27 5 17 11 19 17 6 20 31
- 12 27 5 17 31 28 35 44 19 4 0 45 16 40 28 35 44 12 7 44
- 17 29 14 6 20 45 48 21 40 4 48 20 20 20
- 17 25 10 36 5 27 24 22 17 38 27 27 22 37 11 35 35 35 49 32 45 30 41 46 11 32 45 11 32 45 25 32 45 34 25 13 25
- 3 9
- 30 17 26 34 31 26 39 41 5 17 11 45 31
+ 46 20 40 5 0 30 0 46 20 27 44 11 31
- 48 30 0 30 17 31 17 39 26 31 35 5 27 17 11 31
- 43 6 28 28 33 43 20
- 17 38 35 27 27 36 48 20
- 23 38 39 20 1 1
+ 6 5 0 6 44
- 32 2
- 28 43
- 17 3 18 2
+ 26 6 43 20 21 42
+ 33 12 33 20 1 1 1 1 1 1 1 1 1 1 1 1
+ 30 0 17 21 33
- 1 21 40 28 33 20
+ 30 0 30 17 12 7 2 20 1 1
+ 33 11 17 6 43 20 17 34 29 8 49 49 8 46 7 29
- 30 17 12 28 40 28 28 17
- 36 31
- 6 5 17 11 19 5 19 31
+ 33 12 17 11 27 2 20
+ 26 6 47 21
+ 30 0 33 39 28 33 20 1 1 1 1 1 1 1
- 1 17 33 39 28 17 12 13 0 30 0 46 9
- 7
- 44 12 16 0 12 19 31
- 25 8 30 0 17 23
+ 33 12 17 12 26 39 13 0 30 17 11 31
- 9 35
+ 30 17 12 13 0 6 28 13 0 12 19 19 40 44 39 35 5 0 33 11 19 27 2 20 1
+ 17 25 32 8 7 48 16 23
+ 33 31 7 28 33 20 1 1 1 1 1
+ 33 12 28 17 39 17 39 28 26 12 13 0 26 6 20 40 44 12 13 0 30 0 30 0 17 4 25 24 42 25 16 24 40 25 22 30 17
- 17 25 17 11 35 31 1 34 0
- 6 2
+ 6 28 7 28 26 11 19 27 5 17 12 26 11 19 31
- 38 5 17 11 27 28 7 15 20 1 1 1 1
+ 30 17 11 27 5 0 6 2 20 1 1 1
+ 33 39 26 31 33 20
- 26 6 47 11 16 19 27 44 31 26 39 17 35 39 13 0 30 0 30 17 39 7 5 17 39 26 12 31 7 44 11 19 19 17 45 38 30 0 30 0 12 17
- 19 10 11
+ 33 12 7 44 12 26 39 26 12 26 39 33 20
- 30 17 35 44 39 33 20 28 1 1 9 1 1
+ 30 17 11 40 28 17 31 13 0 6 5 0 17 29 38 15 37 38 15 37 18 48 23
+ 30 17 39 26 39 7 2 20
+ 30 0 30 17 39 26 31 17 39 35 28 35 44 31 33 20 1
+ 6 5 0 46 9
+ 12 17 45 16 17 45 24 15 27 23 41 17 30
+ 26 45 24 15 27 23 8
- 16 49 43 23
- 30 14 12 28 21 17 31 13 31 28 17
- 46 43 43 45 40 16 2 5 44
+ 6 44 31 28 35 28 7 28 17 11 27 28 33 20 1
- 24 8
+ 33 39 35 44 11 19 19 17 6 43 20 44
+ 46
- 12 1 31
+ 33 39 28 13 0 30 17 39 7 28 17 31 26
- 2 25 26 45 6 2 20
- 7 16 23 7 7 31 27
+ 26 45 16 17 49 4
- 6 25
- 12 17 6 43 43 20 17 13 42
+ 17 16 41 30 23
- 42 31 26 12 17 39 7 5 0 30 17 39 17 31 13 17 12 35 28 26 31 13 17 11 10 17
- 46 47 21 28 31 8 48 23
- 13 2 49 1
- 44 12 35 44 12 26 39 45 39 13 0 26 45 16 31
+ 30 0 12 17 49 49
- 30 0 39 11 17 31 49 4
+ 6 44 11 19 19 17
- 47 33 31 7 28 22 27 2 20 1 14 1
+ 6 5 17 39 35 5 0 33 39 35 5 17 12 17 11 40 5 0 12 40 28 35 28 28 7 5 17
- 6 31 32 33 20 1 1 1 45 1 1 1 1
+ 17 29 7 48 47 15 27 29 34 38
+ 6 44 31 17 11 17 45 38 17 29 6 20 34
- 42 6 5 17 31 7 44 31 35 28 35 5 17 11 40 5 0 46 26 16 17 41
- 30 0 5 13
+ 26 6 20 17 42
+ 6 44 11 27 28 17 11 27 2 20 1 1
- 6 40 30 31 13 12 17 6 43 20 45 4 14 36 21 27 24
- 6 36 39 28 33 20 1 1 1 1
- 30 17 12 28 35 5 22 0 1 6 17 45 38 12 40 28 17 31 28 33 33 20
- 39 11 17 4
+ 17 21 33
- 33 19 17 45 42 27 2 1 1 1 1 1
+ 30 0 17 0 41 40 9
- 25 7 14 28 26 11 31
+ 33 39 7 5 17 12 26 12 17
- 6 5 0 26 45 24 40 26 11 15 5 15 20 5 4 14 22
- 19 4 29
- 17 38 14 27 25 15 19 1 7 48 25 8 1 15 37 38 49 13
- 26 6 3 43 6 43 2 10
- 33 33 20 18 1
+ 12 27 44 31 7 28 26 11 27 2 20
- 39 4 0 8 20
- 23 41 15 27 34 7 24 20 16
- 12 19 40 44 38 11 49 17 34 49 25 12 42
- 43 17 23 41 10 25 6 47 6
- 4 20
- 30 0 26 0 45 24 15 27 47 25 8 48 27 24 22 26 8
- 33 31 0 12 27 5 0 12 40 3 17 30
+ 26 6 20 31
+ 17 47 6 11 23 41 9
+ 17 47 40 25 6
+ 46 20 40 28 26 11 17 42
- 7 26 0 43 38
+ 33 12 7 2 20 1 1 1 1
+ 26 45 38 46 43 43 45 16 19 17 49 2 12 42
- 40 12 33 43 22 26 47
- 26 24 20 21 38
- 24 5 17 14 28 17 12 20 42 33 20 1
+ 17 27 24 40 3 25 40 26 11 0
+ 26 45 16 27 2 20 1 1
+ 12 17 6 47 0
- 10 46
+ 6 44 11 27 44 12 35 5 0 12 19 27 2 20 1 1 1
- 17 4 17 14 39
+ 6 5 0 12 17 42
+ 30 17 11 19 40 2 20 1
- 33 39 3 17 39 11
- 12 35 40 26 1 1 17 1
- 26 48 45 38 46 26 38 6 5 0 46 43 5 20 45 48 34 21 9
+ 6 5 17 31 28 35 44 31 28 17 39 26 11 40 44 39 28 17 31 13 17 12 26
- 30 0 17 38 27 41 30 16 41 16 49 30 15 24 45
+ 46 26 16 17 6 20 27 5 17 12 26 39 35 44
- 33 35 28 33 41 5 1 1
+ 30 0 6 28 17 12 7 5 17 39 26 39 13 0 17 27 36 48 20
- 6 22 42
- 30 39 28 13 17 31 28 28 13 17 39 33 20 1 1 1 1 1 1 1 1
+ 26 45 24 15 27 12 42
- 1 1
+ 33 12 17 31 7 5 17 11 40 5 17 11 40 28 13 0 6 5 17 12 28 33 20
- 6 5 42 43 35 2 9 20
- 27 26 0 48 30 18 16 16
+ 30 0 46 47 40 49 1 31 45 16 31
+ 46 26 38 30 0 12 19 17 42
- 7 40 12 31
- 39 11 17 4
- 30 39 28 13 17 31 28 28 13 17 39 33 20 1 1 1 1 1 1 1 1
- 46 41 9
+ 33 39 13 0 6 28 26 11 19 19 27 28 28 35 28 13 17 11 27 44 31 28 26 11 31
+ 46
+ 17 16 23 7 7 7 7
+ 30 17 39 17 31 13 0 33 12 28 26 12 26 11 40 5 17 11 19 27 2 20
+ 30 17 31 28 17 11 17 45 38 30 17 39 7 44 31 7 2 20
+ 33 39 17
+ 6 5 17 12 28 33 20
+ 6 28 17 39 33 20 1 1 1 1 1
+ 30 0 6 28 33 20 1
- 6 5 0 14 17 16 26 42 41 30 11 38 30 21
- 43 25 29 33 35 33 20
- 27 38 5 27 36 25 27
- 29 33 31
- 30 11 17 6 43 20 31 8 48 42 38 13 27 15 27 15 5 9
- 30 12 40 16 20 1 1
- 26 17 23 8
- 12 17 45 2 16 31
+ 6 28 35 28 28 35 2 20
- 42 19 31
+ 6 5 17 31 28 35 44 31 28 17 39 26 11 40 44 39 28 17 31 13 17 12 26
- 6 33 20 1
- 7 20 20
+ 17 25 10 48 34 1 19 27 2 20 1
+ 17 15 24 20 48 11
+ 46 47 21 14
- 46 47 32 7 48 25 8 0
+ 33 11 27 28 35 44 39 26 39 26 12 7 28 13 17 39 33 20 1
+ 30 17 31 28 28 28 17
- 17 49 45
- 6 8 26
- 12 40 28 19 26 49 1
- 6 2 20 1 1 6 1
+ 17 16 41 16 30 38 27 23 30 22 30
+ 12 17 42
- 46 26 49 12
- 4 21 27 36 21 9
- 33 11 17 42 24 40 26 47 40 3 25 6 11 38 27 1 41 40 29 34 22 20 21 49 24
- 6 28 17 31 17 11 19 49 31
- 12 40 26 44 11 17 26 38 12 17 6 20 19 40 2 20 1 31 1 1
- 26 23 6 2 20 32 49 45
+ 33 11 17 6 47 6
+ 17 12 28 37
+ 12 17 49 25 12 49 2 12 6 47 22 20
+ 33 31 28 35 2 20 1
- 33 12 13 13 24 39 39 33 20
+ 12 19 40 5 17 31 35 2 20 1 1
- 33 39 3 17 39 11
+ 33 39 26 12 7 5 17 12 33 20
+ 6 28 35 44 11 31
+ 6 5 0 30 0 30 17 12 33 20
- 20 49
- 42 1 49 10
- 30 0 12 27 5 0 6 31 35 44 12 7 5 17 12 28 13 17
- 33 39 33 21 40 1 1
- 30 17 12 17 39 13 6 12 33 37 1 6 1 1 1 1
- 26 35 2 49 29
+ 6 28 13 0 26
- 19 1 31
- 26 45 37 24 40
- 18 46 47 11 38 6 11 29 38 28 33 6 20 34
- 12 19 40 44 38 11 49 17 34 49 25 12 42
+ 46 47 34 49 38 46 43 20 21 26 20 28
+ 30 17 39 35 44 39 7 2 20 1
+ 46 47 11 16 19 19 31
+ 12 27 44 31 33 20 1 1
+ 46 43 43 6 43 20 10 36 16 22 37 30 46 30 45 45 11
+ 30 0 17 21 40 0
- 39 6 20 19 40 5 0
+ 6 44 11 17 45 38 17 4 48 20 20 20
+ 33 31 7 28 33 20 1 1 1 1 1
+ 33 39 7 44 39 13 0 30 0 46 43 43 45 16 31
+ 6 28 17 39 13 17 39 7 2 20 1 1
- 7 20 20
- 20 8 44 6 31
- 17 29 6 33
- 45 33 15 22 20 1
+ 17 29 7 48 15 16 24 15 27 23 8
+ 30 17 11 31
- 26 1
- 33 15
+ 17 15 5 9
+ 30 0 33 11 31
+ 46 47 42 44 35 20 20 31 1 43 35 31 48 32 8 38
+ 26 6 20 27 5 17 12 17 11 40 28 26 39 7 2 20
- 6 44 11 40 45 44 12 35 44 39 26 11 27 2 20 1 1 1 1
- 30 17 12 35 5 0 6 5 0 31 26 16 19 31
- 26 45 16 40 44 11 40 28 26 11 40 28 13 0 6 5 17 39 5 0 30 17 39 35 28 0 33 11 6 28 5 8 0
- 31 33 20 1 14
+ 6 28 13 0 6 2 20 1 1 1
- 11 17 21 33
+ 12 17 42
- 30 0 30 17 39 35 5 0 17 29 38 8 29 49 37 40
- 46 43 20 44 13 31 48 38 27 47 22 37 6 44 39 35 5 0 2 20 1 1 1 1 1 1 1
+ 26 6 43 20 21 42
+ 6 44 39 28 28 35 28 7 2 20 1 1
+ 17 12 33 43 42
+ 33 11 19 40 44 12 35 44
- 26 27 36
- 6 34 35 31
- 12 19 27 5 31 13 17 33 35 5 17 31 33 20 1 1
+ 12 17 45 24 40 3 3 3 25 22 46
- 17 10 34 43 43 49 25 12 45 11 38 22 16 27 2 20
- 26 6 43 6 47 1 19 19 40 11 0 26 30 42
+ 6 44 31 28 13 0 26 45 16 27 44 12 26 31 28 7 28 33 20 1
- 12 29
+ 30 17 11 19 40 2 20 1
- 6 5 0 26 45 24 40 26 11 15 5 15 20 5 4 14 22
+ 6 28 28 13 0 46 9
+ 46 26 16 27 44 12 28 17 11 40 44 31 13 0 46 43 20 21 2 30 0 17 27 22 30 46 37 30 45 45 30
- 44 17 29 34 28 31 1 34 21 19 46 6
+ 17 27 36 14 22 30
+ 17 29 7 48 47 15 27 29 34 38
- 41 44
+ 6 28 26 12 26 11 19 27 2 20 1
+ 17 29 18 48 0 8
- 16 43 0 26 1
- 2 25 26 45 6 2 20
+ 46 43 43 6 47 34 8 48 16 41 16 30 21 17 8
+ 30 0 12 27 44 39 33 20 1
+ 12 19 27 44 31 33 20 1 1 1 1 1
+ 46 26 38 26 6 47 21 8 46
- 30 17 39 28 26 11 27 28 7 44 39 28 35 5 33 31 35 5 17 11 2 20 1 1 1
- 17 49 26 1
+ 6 5 0 30 0 30 17 12 33 20
+ 46 26 38 30 17 39 17 39 35 44 39 13 0 6 28 35 28 33 20 1 1 1 1 1
+ 30 0 46 26 24 40 25 15 27 25 44 11
+ 26 49 4
- 26 45 7 38 38
+ 6 5 0 46 43 20 45 48 21 40 16 23 7 27
+ 6 44 31 17 11 17 45 38 17 29 6 20 34
- 1 14 22
- 36 46 34
+ 33 39 17 11 19 40 44 12 28 17
- 28 33 20
+ 6 44 11 19 27 28 7 44 39 26 39 26 11 17
+ 17 4 21 4 14 22 11 32 45 34 25
+ 46 26 24 6 11 38 27 23 41 17 30 22 30
- 24 8
- 30 0 31 13 17 12 33 20 1
+ 12 40 5 17 31 13 0
- 33 12 28 38
- 38 36 17
+ 6 44 11 31
- 33 7 12 7 5 17 39 31 26 18 31 26
+ 17 38 27 15 8 15 40 20 20 34
+ 17 38 27 15 27 38 30 29 31 36 25
- 12 18 31
+ 12 17 42
- 46 17 5 31
- 33 2 31 33 20 1 1 1 1
+ 33 31 7 28 7 2 20 1 1
- 30 17 8 28 26 12 33 20 1
- 30 0 30 17 39 28 27 17 12 13 0 33 39 7 28 17 31 26 18 17 39 26 39 28 7 20 1
+ 46 20 40 5 0 33 11 40 28 35 44
- 26 6 26 38 30 0 26 45 24 6 11 23 30 41 17
+ 12 19 17 6
- 46 32 23 28
+ 17 38 27 29 46 7 29
- 26 45 24 24
+ 6 5 0 46 47 0
+ 30 17 31 33 20 1 1
+ 30 17 12 13 17 31 13 0 46
- 33 12 28 28 28 7 5 0 33 39 13 41 11 17 49 47 34 45
- 30 12 26 30 49 25 10 12 49 49
- 12 27 5 17 31 28 35 17 12 35 5 17 31 13 0 12 27 28 13 17
- 46 40 28 42
+ 26 6 20 27 2 20 1
- 2 33 39 41 42 4
+ 33 39 33 20 1 1 1 1
- 12 40 5 0 6 6 2 20 1 1 1 1 1 1 1 1 1
- 33 11 17 42 24 40 26 47 40 3 25 6 11 38 27 1 41 40 29 34 22 20 21 49 24
- 48 30 44 22 17 27 12 2 20
+ 30 17 31 7 28 17 39 28 28 33 20
+ 30 17 31 7 44 39 26
+ 30 0 30 17 12 7 2 20 1 1
+ 33 12 17 39 28 26 39 35 5 17
- 6 28 35 28 2 33 13 20
- 43 49 42
+ 12 19 40 28 35 44 39 35 44 31 26 31 33 20
+ 30 17 11 31
- 33 11 40 5 39 17 31 28 13 17 31 13 0 13 43 20 32 44
- 17 27 36 21 0 43
+ 26 45 38 6 28 35 44 12 28 13 0 17 0 41 6 15 5 47 6 11 27 22 30
+ 17 15 27 34 41 42
+ 30 0 30 0 46 47 22 20 44
- 30 20 17 11 31
- 6 23
- 12 33 31
- 33 39 17 12 39 33 20 1 1 1 1 1
- 6 44 12 26 12 28 28 28 13 0 12 2 20 1 1 1
+ 6 28 26 11 17 6 9
+ 6 44 11 17 45 24 6
- 26 6 25
- 46 11 5 11 17 42
- 40 28 35 2 20
+ 26 6 47 41 42
+ 33 11 19 17 6 47
+ 12 19 40 28 26 31 13 17 39 13 17 31 33 20 1
+ 6 2 20 1 1 1 1 1 1 1
- 12 17 45 22
- 29 33 38 31 35 42 4 34 44 11 19 31
- 3 21 40 9
+ 33 11 40 44 39 17
+ 30 17 11 19 19 17 45 16 31
+ 6 28 28 26 12 28 7 28 35 5 17
+ 30 0 6 44 39 26 31 17 11 27 5 17 12 17 39 17 39 17 39 7 44 39 17 12 7 5 17 11 27 5 0 46 20 17
+ 30 0 17 4 48
- 26 49 25 12 45 16 28
+ 26 6 43 43 45 24 15
+ 26 49 1 31 45 24 40 3 25 15 27 16 23 7
- 17 10 34 43 43 49 25 12 45 11 38 22 16 27 2 20
- 9 48 33 12 17 11 19 40 2 20 1 1
- 33 19 17 45 42 27 2 1 1 1 1 1
- 33 11 17 45 24 6 11 24 27 18 48 27 30 45 45 34 25 32 45 34 25 35 35 35 32 45 30 45 45 37 30
+ 33 12 28 13 0 17 9
+ 30 0 6 28 28 35 28 7 44 31 28 7 44 11 31
+ 46
- 39 4 0 8 20
- 30 17 12 26 26
+ 17 25 17 38 7 24
- 1 1
- 6 3 17
- 27
- 20 30 36
+ 30 17 31 28 28 35 2 20
+ 12 17 6 43 20 45 48 25 32 10 45
+ 33 11 31
+ 12 27 5 17 11 27 44 12 35 5 17 39 26 11 17 42
- 46 26 20 38 46
+ 30 0 17 4 25 8 13
+ 33 39 26 12 7 5 17 12 33 20
+ 33 11 19 19 19 17 6 20 17 42
+ 33 39 7 44 11 31
+ 30 0 33 11 31
+ 6 5 17 12 13 0 17 4 48 20 20
+ 46
+ 30 0 6 2 20 1 1 1
- 33 31 28 17 47 39 26 11 40 28 47 39 13 0 12 31
- 12 17 45 22
+ 30 0 33 31 13 0 6 5 0 12 27 2 20
- 6 28 33 39 31 17 31 13 17 31 35 2 20
- 30 48 0 6 5 17 12 26 44 39 43 28 7 5 0 17 4 21 12 31 15
+ 12 27 2 20 1 1 1 1 1 1 1 1
- 36 46 34
+ 46 43 20 19 46 1 31
+ 33 39 26 11 17 6 47 6
- 12 35 40 26 1 1 17 1
- 22 46 47 14
- 20 25
+ 46 47 22 20 32 31 49 16 27 44 39 33 20 1 1 1 1 1 1 1 1 1 1 1 1 1 1 1 1 1 1 1 1
- 6 19 2 20 1 1 9 1
+ 33 39 35 5 0 26 6 47 22 20 31 31 2 47
+ 26 45 24 6 11 38
- 44 30 17 11 45 15 23 12 45 38
+ 26 6 26 38 26
- 25 40 39 42
- 6 17 13 39 17 5 0 12 31
+ 30 0 6 5 0 46 9
- 33 11 40 5 39 17 31 28 13 17 31 13 0 13 43 20 32 44
- 30 9 0 12
+ 33 39 33 20 1 1 1 1
- 6 17 31 35 2 20 6 20 1 48
+ 17 38 27 25 14
- 27 26 0 48 30 18 16 16
- 26 45 16 11 28 26 31 28 26 12 33 14 1
- 9 0 12 17 19 31
+ 33 39 7 44 12 13 17 12 35 44 31 28 17 31 35 28 7 44 12 13 0 46 9
+ 30 0 30 17 39 17 39 17 12 33 20
+ 6 28 17 11 40 5 0 6 28 33 20 1 1 1
- 27
- 33 31 26 17 39 12 34 32 20
+ 30 17 39 7 5 17
- 0 30 15 0 32 49 45
+ 17 16 41 30 23
+ 17 25 10 48 34 1 19 27 2 20 1
- 30 25 40 34 0 25 46
- 12 30 46 20 19 27 5 13 17 48
+ 46 47 1 27 5 0 26 6 20 31
+ 30 0 17 4 25 8 13
+ 30 17 11 17 6 9
- 26 6 26 38 30 0 26 45 24 6 11 23 30 41 17
+ 17 47 15 27 25 10 20 8 48 4 14 24 22 12 27 44 31 7 5 0 17 4 14 36 25 24 36 5 21 6 21 6 21 40 23 8
- 11 30 7
- 33 12 35 44 6 26 11 29 42
+ 6 5 17 12 35 44 12 26 12 17 31 17 12 33 20 1 1
- 3 17 31 13 0 46 47 38 49 25
+ 17 16 41 16 16 16
+ 33 11 27 44 12 7 5 17 31 26 31 33 20
- 21 6 47 15 27 15 27 46 7 29
- 30 20 17 11 31
- 26 45 16 4
- 30 0 12 27 5 0 6 31 35 44 12 7 5 17 12 28 13 17
- 6 5 17 12 35 28 13 26 6 5 0 6 2 20 1 1 1 1
- 46 7 20 49 15 49
+ 30 0 26 45 38 30 17 12 35 44 11 40 44 31 26 11 17 42
- 49 21
- 10 46
- 30 0 2 0 46 20 17 6 43 43 42
- 30 0 30 17 39 28 27 17 12 13 0 33 39 7 28 17 31 26 18 17 39 26 39 28 7 20 1
+ 30 0 12 27 5 0 6 28 7 44 31 28 26 11 17 6 9
- 1 14 22
+ 17 25 45 48 21 40 9
+ 30 17 12 13 17 12 35 2 20 1
- 43 25 29 33 35 33 20
+ 26 45 16 19 19 19 27 44 12 13 17 12 28 28 7 2 20 1
+ 33 12 33 20 1 1 1 1 1
+ 26 49 2 12 6 43 20 45 48 29 46
+ 6 5 0 26 42
+ 46 43 20 19 46 1 31
+ 33 39 17 39 28 28 17 31 17 31 26 39 35 44 11 19 40 44 31 26 39 17 12 33 20
+ 33 11 40 44 39 17
- 30 0 26 45 29 40 3 11 3 26
- 21 6 47 15 27 15 27 46 7 29
- 0 33 31 28 26 12 35 19 0 6 44 11 17 6
- 27 37 35 46
- 17 33 28 33
+ 33 31 17 39 35 5 0 26 45 16 40 5 17 31 33 20
- 44 12 16 0 12 19 31
+ 6 5 17 31 28 17 12 35 2 20 1
+ 12 27 5 0
+ 12 19 19 40 44 39 35 2 20 1 1 1
+ 33 39 26 11 17 42
+ 12 27 5 17 11 40 5 17 39 28 28 26
+ 33 11 19 27 28 26 31 26 11 17 42
+ 46 47 35 31 35 31 48 14
- 28 17 11 31
- 26 45 37 12 20 1 1 38 1 1
+ 46
- 30 0 26 0 49 1 31 27 42
+ 12 27 44 31 7 28 26 11 27 2 20
+ 33 11 17 45 38 26 6 47 38 7 24 20 29
+ 30 17 39 28 17 31 35 28 17 39 17 31 7 2 20
+ 17 15 8 42 20 14
+ 6 28 28 26 12 28 7 28 35 5 17
- 42 6 5 17 31 7 44 31 35 28 35 5 17 11 40 5 0 46 26 16 17 41
+ 6 28 13 17 39 7 2 20
- 33 39 36 20 1 1
- 6 26 20
+ 30 17 31 28 17 39 17 39 7 28 17 39 26 39 7 5 17 11 31
+ 17 38 27 29 46 7 29
+ 46
- 26 6 22 7 22 43 49
- 12 17 12 33 20 21
+ 12 27 2 20 1 1 1 1 1 1 1 1 1
+ 12 17 42
+ 33 11 17 6 43 20 17 34 29 8 49 49 8 46 7 29
- 0 28
- 33 12 7 28 35 44 47 31 35 28 26 11 17 6 47 21 8 34 34 42
- 28 2 1 1 1
+ 6 44 31 28 17
- 20 47 16
+ 46 47 11 38 33 31 13 0 30 0 30 17 31 7 44 31 26 11 17 49 49
+ 33 31 28 26 11 19 27 44
- 17 4 48 20 20 1 20 20
+ 6 44 11 27 44 12 35 5 0 12 19 27 2 20 1 1 1
+ 30 0 26 49 2 12 6 26 38 12 27 5 0 26 42
- 46 40 35 20 1
- 12 11 2 31
- 33 11 19 19 45 16 31
- 17 12 5 17 12 13 49 43
+ 30 17 31 7 28 17 39 28 28 33 20
+ 26 49 1 31 49 45
- 40 46 47 16 32 7 12 28 28 13
- 31 17 34 23 30 22
- 20 30
+ 30 0 33 12 7 44 39 33 20 1
+ 46
- 2 33 39 41 42 4
+ 17 12 33 20 10 42 21 21 33
+ 6 44 11 27 5 0 30 17 31 28 35 5 0 26 49 2
+ 46 47 21 14
- 22 32
- 33 39 36 20 1 1
+ 46 43 43 6 43 20 10 36 16 22 37 30 46 30 45 45 11
+ 6 5 17 11 27 28 28 7 5 17
+ 6 5 17 11 17 49 25 12 6 9
- 26 5
+ 30 17 11 17 6 9
- 17 24 15 27 42 24 1 29 40
- 6 12 12 33 43 20 1 1 1 1
- 25 21 40 16 49 16 27 44 11 19 17 49 49
- 39 10
- 8 33 20 32
- 7 46 26 16 27 28
- 7 11 3
- 40 5 44 12 13 43 0 12
+ 33 11 40 44 11 40 44 39 26 39 33 20 1
+ 17 27 22 11 32 45 37 11 32 45 30 45 45 37 30 45 45 34 25 13 25 13 25 13 25
+ 17 12 1 14 20 31 34 47 41 49 25 12 45 24 40 26 11 29 7 48 12 34 47 11 24 22 6 44 11 27 44 39 13 17 39 35 5 17 39 33 20 1
+ 33 31 17 11 17
+ 12 40 44 31 17 31 35 2 20
- 17 49 14
+ 46 43 20 19 48
+ 6 5 17 12 35 28 17 39 28 13 17 31 13 0 46 20 40 28 33 20 1
+ 17 21 33
- 6 44 17 14 15
+ 6 5 17 12 35 44 31 33 20 1 1
+ 46 47 34 41 5 9
- 30 17 31 28 44 44 12 28 28 35 7 28 26
- 25 45 48 15 27 27 36 14 36 21 38 27 25 18 32
+ 33 39 13 17 11 27 28 13 0 46 26 24 40 3 25 6 11 16 23 7
+ 33 31 28 17 12 13 17 39 13 17 11 19 17 6 26 24 40 26 11 0 8
- 44 17 29 34 28 31 1 34 21 19 46 6
+ 17 27 24 6 11 4 48 20 20
- 27 4
- 33 11 33 45 16 27 2 48 20 1 1 1 1 43 1 1 1
- 26 23 6 2 20 32 49 45
+ 17 27 22 34 25 32 45
- 5 44
+ 30 0 6 28 35 2 20
+ 46 20 27 5 17 12 17 11 31
+ 33 31 35 2 20
+ 6 28 17 31 7 5 17 11 27 5 17 12 35 44 31 17 31 7 44 11 19 40 28 26 11 19 31
- 33 11 33 45 16 27 2 48 20 1 1 1 1 43 1 1 1
+ 6 44 12 7 28 33 20
- 0
- 49 1 35 4 44 21
+ 17 27 22 37
+ 30 0 6 28 33 20 1
- 6 28 33 39 31 17 31 13 17 31 35 2 20
- 6 5 25 11 40 2 20 1
+ 30 0 30 0 6 2 20
+ 6 44 11 19 19 17
- 33 12 49 27 26 11 31
- 30 17 17 39 28 13 17 39 17
- 25 36 26
- 12 46
+ 33 31 28 7 28 35 44 39 28 28 35 28 26 11 40 44 11 31
+ 6 44 39 17 31 28 17 31 13 17 31 28 35 28 28 17 12 13 17 31 28 28 17 11 27 5 17 39 35 44 12 7 2 20
+ 26 45 38 12 27 44 11 31
+ 30 17 39 28 17 39 17 39 7 44 11 19 27 2 20 1 1 1 1
+ 46 20 17 45 24
+ 17 25 31 13 43 49 4
+ 33 31 35 28 28 33 20
+ 30 0 26 45 38 30 17 12 35 44 11 40 44 31 26 11 17 42
- 17 4 21 18 23
- 30 39 7 44 39 35 5 17 12 13 0 46 47 40 6 47 0
- 33 12 28 38
- 2 37 26 2 20 33 20
+ 33 11 40 28 28 26 12 13 0 26 6 9
+ 17 27 24 40 26
+ 46 20 17 6
+ 33 11 40 44 11 31
+ 17 47 6 11 23 41 9
- 46 43 20 8 34 40 45 28 33 39 7 44 12 20 17 31 13 17 39 17 39 13 17 39 7 28 35 2 20
- 12 17 6 43 43 20 17 13 42
+ 30 17 12 13 17 39 35 28 7 44 12 35 28 26
- 25 30 6 44 32 17 31 21 33 16 29
- 17 4 21 18 23
- 2 17 12 2 7 2 20 1 1
- 32 6 20 17 45 30
- 12 19 42 27 44 12 36 35 27 28 26
+ 17 12 2 30 17 12 26 31 26
- 41 23 28 13 17 30 8 12 13 17
+ 6 28 17 12 7 2 20 1 1
+ 17 38 27 12 1 43 35 31 13
- 21 23
- 6 34 49 12 17 11 19 31
- 17 27 38
+ 6 28 13 17 39 13 0 33 11 31
+ 33 12 28 13 0 17 9
- 1 17 37
+ 30 0 6 2 20 1 1 1
+ 33 11 27 44 31 17 11 40 2 20 1 1 1
- 3 17 11 19 40 28 26 39 31 28 7 5 11 45 17
- 46 14 47 41 43 16 40 28 35 5 17 39 26 11 31
+ 12 17 6 43 43 42
- 30 0 12 17 45 22 4 16 40 28 20 7 38 1
+ 26 45 24 6 11 25 21 13 43
- 17 25 17 11 35 31 1 34 0
- 30 17 35 28 26 31 33 30 33 23 1 1 1 23
+ 33 11 27 28 33 20 1 1
- 25 0 12 27 5 12 31
- 28 35 28 28 7 28 13 17 28 11 40 28 35 44 12 26 12 13 0 12 31
+ 30 17 11 40 5 17 39 35 44 11 31
+ 30 17 31 35 28 13 0 17 25 31 8 48 15 8 15 0 20 31 28 21 21 7 48 0 8
+ 30 17 39 13 17 11 31
+ 12 17 6 43 43 42
- 33 39 33 1
- 12 27 39 35 44 39 17 31 33 20 1 1
+ 6 28 35 28 13 17 12 35 28 26
+ 46 20 17 45 38 33 39 7 28 26 11 17 6 43 20 19 48 8 6 20 17 41 42
+ 33 31 7 5 17 39 35 44 12 7 28 33 20
- 25 6 28 35 44 12 28 26 31 13 0 14 5 0 17 47 40 25 22 17 12 26 41
+ 46 26 16 40 28 26 31 28 33 20
+ 26 45 16 27 5 17 12 28 17 31 7 2 20 1 1 1
+ 30 0 30 0 17 16 23 7
- 46 43
- 46 28 21 20
- 12 1
- 33 12 26 7 5 17 37 12 13 0 12 27 28 13 17 31 13 0 12 40 2 20
+ 26 45 38 33 12 13 0 17 47 15 27 16 23 7 7 7 7 7 7
+ 46 43 20 19 48
- 33 33 12 7 12 17 38 11 27 44 11 19 40 28 14 17 31 35 2 20 1 1 45 1
- 26 45 7 38 38
- 27
+ 12 17 42
- 30 17 12 26 26
- 33 39 35 28 7 20 5 12 17
+ 30 0 6 44 12 28 33 20 1 1 1
- 32 6 20 17 45 30
+ 17 27 22 11 13 25 35 32 45 37
- 17 47 15 27 2 6 5 0 33 12 22 35 5 17 12 28 42 39 28 7 46 44
+ 33 31 7 5 17 39 35 44 12 7 28 33 20
- 42 22
- 11 17 21 33
+ 26 6 47 34 2 46 26 16 27 5 17 12 26 11 27 2 20 1 1 1 1 1 1 1 1 1
- 16 43 0 26 1
- 17 41 24 41 16 49 49 17 30 8 13
+ 17 16 41 16 30 38 27 23 30 22 30
+ 12 40 28 26 39 35 28 13 17 11 19 17 6 20 17 6 43 43 42
- 7 16 23 7 7 31 27
- 42 22
- 17 3 18 2
+ 6 2 20 1 1 1 1 1 1 1
+ 17 15 16 22 11 13 25 13 25 35 13 25 32 45
- 6 44 12 28 28 43 39 33 20
- 46 20 21 43 34 40
+ 33 39 35 5 17 39 28 13 0 46 26 38 26 42
- 5 44
+ 33 31 35 28 28 33 20
- 5 49
+ 30 0 46 43 20 31 29 30 29 40 1 38 30 21 38 15 3 21 18 48 47 22
- 17 15 15 0 31 30
+ 33 11 40 44 39 26 39 33 20 1 1
- 6 28 28 26 39 43 11 31
+ 33 11 17 45 16 31
+ 26 6 26 24 15 27 47 22 6 2 20 1 1
+ 17 21 40 4 14 36 14 24 22 33 31 26 31 28 35 5 17 12 7 44 39 26 11 19 17
+ 33 11 17 6 20 17 49
- 46 26 20 49 1 31 33 49 4
- 30 0 30 39 17 39 13 17 31 7 5 17 39 37 17 12 28 13 17 39 7 44 31 33 20 1
+ 46 26 24 40 26 11 12 28 40 29 41 8 38 42 25 27 18 48 21 33
+ 46 20 17 6 20 19 19 19 40 2 20
- 6 5 17 11 19 5 19 31
- 33 35 28 33 41 5 1 1
+ 6 44 31 28 17 31 7 5 0 17 12 1 40 20 43 42
+ 26 45 38 12 27 44 11 31
- 23 42 46 9
+ 30 0 12 27 44 11 19 31
+ 30 17 39 28 17 31 35 28 17 39 17 31 7 2 20
- 12 17 49 8 4
+ 30 17 31 26 12 28 33 20
- 26 0 46 47 0
- 46 40 35 20 1
- 30 17 31 26 12 26 31 13 0 17 41 46 30 13 46 0
+ 30 0 30 17 11 40 2 20 1 1 1 1 1
- 46 48 27 8 44 11 17 45 16 40 44 31 11 47
+ 17 25 31 49 38 12 27 5 0 46 47 38 7 29
- 30 0 49 26 49 17 1 31
- 4 49 41 31 6 9
- 47 31 12 48 11 31
+ 12 17 42
+ 30 0 6 44 11 27 2 20
+ 17 12 49 16 19 19 31
- 17 23 22 41 17 8
+ 30 17 11 19 27 5 17 31 7 5 17 31 13 17 12 7 2 20
+ 12 27 44 11 17 45 16 17 45 24 22 46 9
- 6 13 19 1
- 33 12 26 12 26 39 6 1 1 25 47 1
+ 6 44 12 13 17 39 26 12 35 28 35 44 39 33 20
- 46 43 43 45 40 16 2 5 44
- 9 0 12 17 19 31
- 30 0 26 0 49 1 31 27 42
- 33 11 17 46 2 43 20 8 7 48 27 36 48 20
+ 46 43 43 6 43 43 49 25
+ 6 44 11 31
+ 26 6 26 38 46 26 24 15 27 23 41 6 9
+ 12 27 2 20 1 1 1 1 1 1 1 1 1
- 2
+ 30 17 39 33 20 1 1 1 1
- 12 11 2 31
- 46 20 40 28 13 17 11 27 44 44 27 2 20 1
+ 46
- 8 45 16 17 36 49 38
- 21 17
+ 6 28 17 12 35 28 33 20 1 1
- 23 41 15 27 34 7 24 20 16
+ 6 44 11 19 27 28 7 44 39 26 39 26 11 17
- 33 31 18 11 17 45 24 40 3 25 40 3 26
- 2 19 30 26 12 35 36 2 25
- 30 31 44 31
- 6 28 7 5 17 9 19 19 19 40 28 13 17 11 40 28 7 28 44 17
- 30 12 26 30 49 25 10 12 49 49
- 30 17 8 28 26 12 33 20 1
- 6 28 33 20 11 1 1 1
+ 12 27 28 28 17 12 7 28 13 0 46 47 6
+ 6 44 39 33 20 1 1 1 1
- 15 1
+ 33 31 28 26 11 19 27 44
+ 46 20 17 6 20 19 19 19 40 2 20
+ 17 12 31
+ 33 11 31
- 33 39 33 21 40 1 1
+ 12 19 17 6 26 38 6 28 33 20 1 1 1 1 1
+ 33 11 19 40 44 12 26 12 7 44 12 35 28 35 2 20
- 33 31 28 5 13 47 11 40 28 13 0 6 5 0 12 31
+ 33 39 17 11 31
+ 6 5 17 31 13 17 31 28 35 2 20
+ 17 27 24 6 11 29 46 7 24
+ 33 31 28 17 12 17
+ 26 6 47 35 20 20 45 48 16 23
+ 46 43 43 6 43 20 44 13 48 15 16 36 25 5 4 14 22 34 25 35 13 25 35 13 25
- 30 15 30 17 33 35 41 35 2 20
- 3 43 44
+ 30 0 6 28 28 35 28 7 44 31 28 7 44 11 31
+ 30 0 46 20 40 44 11 19 40 44
+ 12 19 19 40 5 17 11 40 5 17 31 13 17 12 26 12 28 35 2 20 1 1
- 30 0 26 45 38 17 4 25 48 36 23 20 20 42 20 20 20 20 20 20 20 20 20
- 6 21 26 49 16 49
+ 33 12 26 12 35 5 0 12 27 5 0 46 20 40 28 28 26 12 7 5 17 31 13 0 6 5 17 39 28 33 20 1 1 1 1
- 40 2 20 1 1 1 1 1 1 1 1 1
+ 30 17 11 27 5 17 31 33 20 1 1 1 1 1 1 1 1 1 1 1 1
+ 30 17 11 27 5 0 6 2 20 1 1 1
+ 6 44 11 27 28 17 11 27 2 20 1 1
+ 46 26 16 17 6 20 27 5 17 12 26 39 35 44
+ 30 0 33 12 26 39 33 20 1
- 6 44 12 28 28 43 39 33 20
+ 46 26 24 6 11 38 27 23 41 17 30 22 30
- 30 17 31 26 12 26 31 13 0 17 41 46 30 13 46 0
- 33 11 17 6 24 20 40 2 20 1
- 30 0 39 11 17 31 49 4
- 21 6 1 11 16 40 44 11 19 19 40 44 39 33 20 1 1 1 1 1 1 1
+ 33 11 31
- 26 20 24 20
- 10 32 33 11 31
+ 46 43 20 45 48 38
+ 30 0 6 28 26 39 17
- 36 34 28 46 42
+ 12 19 17 49
+ 33 11 27 28 28 7 44 31 35 28 17
+ 6 28 26 12 26 11 19 27 2 20 1
- 46 27 22 31
+ 17 15 16 36 21 15 8 38 36 5 15 24
- 4 0 30 17 15 17 6 20 20 19 17 49 49
+ 30 0 46 20 40 44 12 35 44 31 26 31 13 17
+ 26 6 47 21 8 18 48 0 41 6 47 40 3 25 40 25 15
+ 26 49 1 31 45 24 40 3 25 15 27 16 23 7
- 17 15 24 43 39 40
- 45 0
- 30 0 33 31 28 33 20 21 1
+ 46 26 38 33 31 7 28 26 31 7 5 0 6 2 20
+ 26 45 16 19 27 2 20 1
+ 6 5 0 12 17 42
- 6 5 32 6 5 17 39 35 5 0 41 46 47 25 6
+ 46 43 43 6 43 43 49 25
+ 33 39 35 5 0 26 45 16 19 17 42
- 17 15 48 24 43 40
- 26 36 12 27 28 39 41 20
- 26 6 25
- 33 2 31 33 20 1 1 1 1
- 46 43 43 49 43 2
+ 26 45 38 12 19 31
- 46 11 5 11 17 42
+ 6 44 11 19 17 6 26 38 26 42
+ 46 47 21 31 48 13 48 27 22 34 25 13 25 35
- 33 15
+ 33 11 27 44 39 17
+ 12 17 45 38 17 4 48 20 20 20
- 6 12 12 33 43 20 1 1 1 1
- 30 17 11 40 0 6 5 17 11 31
+ 30 17 39 35 5 0 17 47 22 33 11 17 45 16 40 5 0 6 2 20 1
+ 26 49 4
+ 46 43 43 49
+ 17 21 33
- 26 39 44 2 26 16 42
+ 33 39 7 44 12 33 20 1 1
+ 26 45 24 22 33 11 27 44 39 28 33 20
- 17 21 12 6 21 24 46
+ 26 6 47 35 31 38 43 40
+ 33 11 27 44 39 17
- 26 45 16 4
- 30 3 17 11 17 49 45
+ 30 0 30 17 11 40 44 39 7 5 0
- 46 16 26 38 7 27 24 37 6 28 31
+ 17 12 49 38 46 26 24 22 17 23 41 40 9
+ 17 15 16 22 11 13 25 13 25 35 13 25 32 45
+ 12 40 28 26 39 35 28 13 17 11 19 17 6 20 17 6 43 43 42
- 0 33 31 28 26 12 35 19 0 6 44 11 17 6
- 12 40 30 28 38 28 7 28 28 7 5 0 30 17 11 19 17 49 12 45 16 27 44 12 28 41 0 30 0 46 20 31
+ 12 19 19 27 28 35 5 17 31 28 7 2 20 1 1 1
+ 30 0 17 0 41 40 9
+ 33 31 13 17 39 35 5 17
- 27 38 5 27 36 25 27
+ 6 5 0 30 17 39 35 44 11 40 44
- 28 6 29 17 31 26
- 12 27 5 17 31 28 35 17 12 35 5 17 31 13 0 12 27 28 13 17
+ 46
- 19 6 28 26 12 28 26 26 5 49 2 20
+ 17 12 49 16 19 19 31
+ 30 0 12 40 2 20
+ 30 17 11 40 44 31 33 20
- 29 8 20
- 2
- 6 43 20 17 14 34 31 2 47
+ 30 0 26 45 24 22 12 27 5 0 12 17 6 43 43 42
+ 46 43 43 6 20 17 49 49
+ 33 11 27 44 31 17 11 40 2 20 1 1 1
+ 30 17 11 40 5 17 39 35 44 11 31
- 17 27 24 10 10 46 9
+ 30 17 11 19 27 28 7 28 13 17 39 33 20
- 22 36
+ 6 5 0 6 44 39 7 44 12 13 0 12 40 28 17 11 19 40 2 20 1 1
- 6 5 45 26 45 16 31
+ 30 0 17 27 22 11
+ 12 19 19 40 44 39 35 2 20 1 1 1
- 41 6 33 11 17 42
- 36 38 5 17 31 26
+ 46 26 16 17 6 20 19 31
- 46 47 21 28 31 8 48 23
- 33 8 31 28 26 31 17 11 27 5 0 17 38 27 38
- 46 27 22 31
- 30 35 12 7 2 11 34
- 6 21 26 49 16 49
+ 33 12 26 39 13 17 31 35 2 20 1 1
- 17 12 8 0
- 5 49
- 46 43 20 8 34 40 45 28 33 39 7 44 12 20 17 31 13 17 39 17 39 13 17 39 7 28 35 2 20
+ 17 4 25 16 36 48 20 20
- 12 29 40 28 31 3 2 20 30 1
+ 6 28 17 11 19 31
- 46 4 31
- 26 39 44 2 26 16 42
+ 12 19 40 44 11 31
+ 17 15 27 18 48 15 16 36 48 20 20
- 41 33
+ 30 17 11 40 44 39 35 44 31 17 39 28 35 28 35 44 31 35 5 17 11 17 42
+ 33 12 26 31 7 5 17 31 33 20 1 1
+ 30 17 11 19 27 28 7 28 13 17 39 33 20
+ 46 43 20 44 13 48 47
- 19 6 28 26 12 28 26 26 5 49 2 20
+ 33 11 40 2 20 1 1 1 1
+ 33 11 40 2 20 1 1 1
+ 26 6 47 35 31 38 43 40
- 25 8 30 0 17 23
- 33 6 26 24 22 33
+ 46 47 42 0 43 6 26 16 31
- 30 17 11 3
- 2 26 12 18
- 20 20 31
- 10 7 25
- 6 18 8
- 30 46 17 12 40 5 0 17 39 22
+ 6 5 0 6 44
+ 46
- 46 47 23 43
- 19 45 38
+ 17 4 25 24 45
- 5 27 26
+ 33 31 7 44 12 7 44 12 33 20 1 1
+ 6 28 26 31 7 44
- 46 20 15 27 28 17 11 31
+ 17 12 29 15
+ 30 17 12 13 17 39 35 28 7 44 12 35 28 26
- 12 17 49 8 4
+ 30 0 33 39 26 12 28 17 39 17 39 13 0 26 45 24 22 26 49 4
+ 17 21 40 29 18 48 29 34 22 43 6 26 16 31
- 17 12 8 48 21 40 25 21 40 35 20 49 43 45 24 40 26 11 9
+ 17 27 36 21 29 40
- 0 28
- 6 28 13 17 12 28 7 28 13 17 20 26 33 20
+ 46 26 16 40 28 13 17 31 35 5 17 12 26 31 13 0 26 42
- 27 4
- 46 2 29 16 12 42
+ 26 45 16 40 28 26 11 19 17 45 24
+ 6 44 31 28 17
- 41 23 28 13 17 30 8 12 13 17
+ 30 0 6 44 12 28 33 20 1 1 1
+ 30 17 31 35 28 13 17 39 7 44 31 13 17 31 17 11 40 44 39 33 20
+ 30 17 11 40 44 39 35 44 31 17 39 28 35 28 35 44 31 35 5 17 11 17 42
+ 26 45 24 40 26 11 0 41 40 23
- 33 31 28 17 12 33 15 20 1 1 1 1 1 1 1 1 1
- 30 28 17 46 20 19 40 2 20 1
- 19 6 5 17 11 31
+ 6 28 28 7 2 20
+ 12 40 2 20 1 1 1 1 1 1 1 1 1 1 1
+ 30 0 30 0 30 0 17 16 23
+ 12 17 6 47 22 43 42
- 6 23 17 31 26 31 13 17 31 35 28 13 17 4 0 30 0 17 9
- 6 44 12 47 13 17 11 19 19 42 32 19 31
+ 12 17 6 43 20 45 48 25 32 10 45
- 46 43 27 5 17 39 13 12 19 19 27 28 3 2 0
- 33 12 13 33
- 12 19 27 17 14 24 0 4 8
+ 46 26 38 30 0 12 19 17 42
+ 30 17 39 35 44 11 19 17 6 20 27 2 20 1 1 1 1
- 46 20 15 27 28 17 11 31
- 46 43 23 7 7
- 12 40 28 13 17 31 13 17 11 40 5 0 17 27 22 11 35 35 32 45 30 45 45 11 32 45 30 45 45 37 11 13 25 13 25 32 45 37 30 45 45 37 34 25 4 45 11 32 45 37 11 13 25 32 45 30 45 45
+ 30 0 6 2 20 1
- 21 37 2 1
- 25 7 14 28 26 11 31
- 30 17 28 13 17 11 31
- 26 16 17 49 45
+ 33 39 35 28 7 44 39 7 44 11 17 45 38 26 45 24 40 3 3 3 25 15 27 15 16 36 48 20
- 17 48 23 30
+ 12 17 42
+ 46 47 40 49 4
- 30 17 12 28 35 5 22 0 1 6 17 45 38 12 40 28 17 31 28 33 33 20
+ 30 17 11 31
+ 30 0 33 39 13 17 31 7 44 12 26 11 31
+ 26 6 43 43 45 16 19 17 49 1 31 49 25
+ 17 12 2 30 17 12 26 31 26
+ 12 27 5 17 11 40 5 17 39 28 28 26
+ 6 5 0 46 43 20 45 48 21 40 16 23 7 27
+ 30 0 46 43 43 45 38 26 45 38 33 12 7 28 13 17 39 13 17 31 26
+ 30 17 39 17 39 33 20
+ 30 0 6 28 26 39 17
- 26 46 45
+ 33 12 26 11 27 44 12 28 28 13 17 31 28 28 13 17 12 26 39 17 31 26 31 7 44 31 13 17 39 26 12 26 12 13 17 11 19 19 19 27 5 17 12 7 5 17 39 33 20 1 1 1
- 17 25 44 13 48 21 6 4 14 10 34 25 35 32 45 11 32 45 11 5 45 30 46 37 37 11 13 25 32 45 11 35 13 25 32 45 34 25
- 26 20 44 13 48 16 41 16 49 30 34 46
- 43 25 49 4
- 0
+ 17 15 16 36 21 12 42
- 30 0 12 17 45 22 4 16 40 28 20 7 38 1
- 46 36 33 39 7 28 26 12 6 17 39 28 33 20 1
- 13 17 6 26 24 22 40 26 27 22 30
- 12 17 6 47 46 0
- 12 27 30 2 20
+ 26 6 47 34 2 46 26 16 27 5 17 12 26 11 27 2 20 1 1 1 1 1 1 1 1 1
- 26 15 34 32
+ 17 25 17 42 43 22 43 42
- 6 44 31 26 39 5 0 12 19 19 19 19 19 40 2 20
+ 17 27 22 30 45 45 30 46 34 25 13 25 13 25 35 13 25 32 45
+ 30 17 31 28 26 11 31
+ 46 47 42 40 20 43 6 47 42 19 35 20 43 6 43 43 6 20 19 17 42
- 33 12 26 7 5 17 37 12 13 0 12 27 28 13 17 31 13 0 12 40 2 20
- 19 1 31
- 5 27 26
- 29 12
- 0 46 26 16 27 19 11 27 44
+ 26 45 24 15 27 12 42
+ 33 39 17 11 27 2 20
- 6 6 28 17 31 13 0 12 19 31
- 39 17 42
+ 17 4 25 5 12 1 19 35 31 48 44 11
+ 6 5 17 12 13 0 33 11 27 2 20 1
- 49 39 46
+ 33 31 7 28 17 39 26 11 19 27 5 0
- 4 33 20
- 26 6 43 6 47 1 19 19 40 11 0 26 30 42
+ 26 6 26 16 27 28 13 0 46 47 42 19 40 49 2 12 6
- 17 4 48 20 20 1 20 20
+ 33 12 7 2 20 1 1 1 1
- 33 31 35 41 31 5
+ 46 43 43 49
+ 26 6 43 43 45 16 19 17 49 1 31 49 25
+ 6 5 17 12 17 12 33 20
+ 33 31 28 17 12 17
- 49 3 5 11 17
+ 30 17 12 26 39 13 0 6 28 13 0 6 2 20 1
+ 46 26 38 26 42
- 10 6 28 43 11 44 30 31 13 17 12 35 44 24 28 13 0
+ 26 49 4
- 1 31
+ 30 0 26 45 38 6 2 20
- 26 9
+ 30 17 31 28 26 11 31
- 30 0 26 0 45 24 15 27 47 25 8 48 27 24 22 26 8
- 6 24 2 1 5
+ 12 40 2 20 1 1 1 1 1
+ 30 17 31 28 17 11 17 45 38 30 17 39 7 44 31 7 2 20
+ 6 28 35 28 35 5 0 6 28 17 11 17 42
+ 30 17 31 28 28 13 17 39 35 44 39 33 20 1 1
+ 12 19 17 49 1
+ 30 0 6 28 35 2 20
+ 12 17 42
+ 6 44 12 33 20 1 1 1 1 1 1 1 1 1 1 1
- 1 27 41
- 46 26 28 27 28 13 3 15 28 28 26 12 13 17 12 28 17 31 35 2 20
- 22 34
- 12 27 44 39 7 44 33 20 1 1 1 1
+ 6 5 17 11 27 28 28 7 5 17
+ 46 47 11 24 6 11 21 33
+ 6 28 28 28 13 17
+ 46
+ 46 20 40 5 0 30 0 46 20 27 44 11 31
- 47 48 17 12 7 2 20 1 1 1 1 1
+ 33 12 17 11 27 2 20
- 17 29 43 35 9
- 12 40 28 13 17 31 13 17 11 40 5 0 17 27 22 11 35 35 32 45 30 45 45 11 32 45 30 45 45 37 11 13 25 13 25 32 45 37 30 45 45 37 34 25 4 45 11 32 45 37 11 13 25 32 45 30 45 45
+ 6 28 17 12 35 28 33 20 1 1
- 17 1 27 23
- 33 31 39 26 13 0 6 0 31 12 49 1
+ 46 43 20 45 48 15 8 13
- 11 6 41 9 20 1 1
+ 6 5 17 12 13 0 17 4 48 20 20
+ 46
- 1 17 37
+ 17 29 7 48 15 16 24 15 27 23 8
+ 30 0 12 27 28 13 0 46 43 43 49 25 12 45 16 27 2 20
+ 17 27 22 11 32 45 30 45 45 11 32 45 11 32 45 34 25 13 25
- 39 24 28 26 12 26 11 40 44 12 7 28 13 10 17 39 13 27 17 24 7 36 17 11 27 2 20 1 1 1
- 17 38 48 27 27 24 40 3 3 25 22 6 2 20
+ 6 5 0 17 16 23 7 7
+ 17 15 24 20 48 11
+ 33 31 13 0 46 26 24
- 17 12 2 17
+ 30 0 12 40 44 31 35 5 0 46 47 1 27 44 39 28 33 20 1 1
+ 6 5 17 39 13 0 12 19 27 5 17
+ 46 26 38 17 29 18 48 15 24 42 25 5 21 6 38 27 29 40
+ 30 0 26 45 16 17 49 49
+ 17 0 41 33
- 29 17 11 19 17 15 29 38 6 5 17 11 19 40 28 13 0 46 20 31
- 19 6 5 17 11 31
- 21 16
- 30 17 12 28 40 28 28 17
+ 46 26 16 19 40 28 33 20
- 30 17 46 17 49
- 17 15 5 38 27 43 27 23
+ 33 12 17 39 28 26 39 35 5 17
+ 6 5 17 11 19 17 42
- 46 26 20 49 1 31 33 49 4
+ 33 11 31
+ 46
+ 17 47 40 25 40 3 25 22
+ 46
- 26 32 39 0
- 33 31 26 17 39 12 34 32 20
- 12 17 6 47 46 0
- 6 44 31 26 31 7 5 0 30 17 26
+ 6 5 17 12 13 0 33 11 27 2 20 1
+ 33 31 17 39 33 20 1 1 1 1 1
+ 30 17 39 26 39 7 2 20
+ 30 17 39 7 5 17
- 43 49 42
+ 12 17 45 16 27 2 20 1 1
+ 30 17 12 28 35 28 33 20
- 28 33 20
+ 6 28 7 5 17 12 28 33 20 1
+ 12 27 28 7 2 20
+ 30 0 12 17 45 24
+ 46 47 38 7 29
+ 30 17 39 17 39 33 20
+ 6 28 26 11 27 5 17 31 26 11 31
- 16 16 24 38 13
+ 17 4 14 36 21 47 6 11 16 23 7 27
+ 30 17 11 40 44 31 33 20
- 33 28 17 12 17 11 5 1 11 17 45 24 35 27 25 19 45
- 17 29 43 35 9
- 26 26 27
- 20 26 45 38 21 17
- 6 5 32 6 5 17 39 35 5 0 41 46 47 25 6
- 46 25 9
+ 30 17 31 28 28 13 17 39 35 44 39 33 20 1 1
+ 12 27 28 17 31 7 28 17 31 28 26 12 28 28 35 2 20 1 1 1
+ 46 20 17 45 16 19 31
- 15 9
+ 17 23 41 6 9
+ 6 44 31 17 11 31
- 46 36 33 39 7 28 26 12 6 17 39 28 33 20 1
+ 33 39 35 44 12 7 28 28 13 0 6 28 35 28 35 5 17 39 17
- 30 17 39 28 26 11 27 28 7 44 39 28 35 5 33 31 35 5 17 11 2 20 1 1 1
+ 6 28 33 20 1 1 1 1 1
+ 26 6 47 21 8 18 48 0 41 6 47 40 3 25 40 25 15
- 36 0 17 21
+ 6 44 31 33 20 1 1 1
+ 6 5 17 12 26 12 7 28 35 28 35 2 20 1 1 1
+ 33 39 26 39 35 2 20 1 1
+ 17 25 8 18 48 47
- 6 8 26
+ 33 11 27 44 39 33 20
+ 26 45 16 17 6 9
+ 12 27 5 17 31 17 31 26 12 17 12 17 39 13 17 12 7 5 0 33 39 33 20
+ 17 47 15 27 47 22 12 17
+ 46
- 17 15 5 38 27 43 27 23
- 12 19 42 27 44 12 36 35 27 28 26
- 30 0 26 45 29 40 3 11 3 26
+ 33 31 28 13 17 11 40 44 11 19 40 28 13 17 39 26 39 17 39 13 17
+ 46 26 38 26 42
- 40 28
+ 33 39 26 31 26 39 33 20
- 22 5 17 31 3 28 35 2 20
+ 12 27 5 17 39 28 26 39 35 28 7 44 11 27 28 28 28 28 26
- 31 12 17 0 24 28 25 15 27 25 34
+ 33 39 28 26 12 17 31 35 28 7 5 17 31 33 20 1
+ 17 16 41 30 29 38 28 13
- 12 27 5 17 31 28 35 44 19 4 0 45 16 40 28 35 44 12 7 44
- 30 17 12 7 44 11 40 44 12 13 17 39 8
+ 33 31 7 5 17 39 28 35 2 20 1 1 1 1
+ 12 17 42
+ 26 45 24 6 11 38
+ 33 11 19 40 44 12 26 12 7 44 12 35 28 35 2 20
+ 30 0 17 29 7 48 9
- 6 5 10 17 12 0 17 34 31
- 5 0 46 43 43 6 37 44 9
- 4 33 20
- 9 35
- 5 20 22 33 24 17 45 1 26
+ 33 12 35 5 0 17 4 25 5 38 27 16 23 7 7 7 27
- 47 41
+ 6 5 17 12 26 12 35 5 17 31 28 7 28 7 5 17 31 33 20 1 1 1
+ 46
- 17 10 20 40 27 5 17
+ 12 17 42
- 6 5 42 43 35 2 9 20
+ 30 0 17 25 34
+ 33 31 35 5 17 11 31
+ 46 20 27 28 33 20 1
+ 30 17 31 35 28 13 0 17 25 31 8 48 15 8 15 0 20 31 28 21 21 7 48 0 8
- 30 0 23 30
- 17 15 8 44 11
- 41 49 29 40 1 27 22 20
- 9 27 45 29 10 45 38
- 0
+ 33 12 7 44 12 26 39 26 12 26 39 33 20
- 28 44 28 11 27 28 18 20 1 1 1 1 4 1
- 45 16 19 45 6
+ 6 44 11 31
+ 33 39 17 11 27 2 20
+ 6 44 31 28 7 28 17 11 31
+ 33 12 17 31 7 5 17 11 40 5 17 11 40 28 13 0 6 5 17 12 28 33 20
+ 6 44 12 13 0 6 2 20 1
+ 17 47 22 46 47 22 20 8 7 48 16 23
- 30 31 44 31
+ 46 26 38 6 2 20 1
- 12 17 45 2 16 31
- 36 34 28 46 42
+ 6 5 17 12 35 28 17 39 28 13 17 31 13 0 46 20 40 28 33 20 1
+ 33 11 27 44 39 33 20
+ 46 26 38 6 28 33 20 1
- 12 40 28 19 26 49 1
+ 12 17 42
- 0 15 17
- 46 43 43 49 45 4
+ 6 44 31 17 11 31
- 33 39 35 28 7 20 5 12 17
- 7 12 31
+ 26 49 4
- 1 18 29
+ 46 47 38 7 29
- 44 30 17 40 31 13 6 46
+ 46 43 43 6 47 34 8 48 16 41 16 30 21 17 8
+ 12 19 27 44 31 33 20 1 1 1 1 1
- 38 27 4
- 30 0 46 43 20 19 32 32 44 11
+ 33 11 40 44 11 31
+ 30 0 26 49 2 12 6 47 32 18 48 38 27 12 42
+ 30 0 6 44 39 35 44 11 40 2 20 1 1 1 1
+ 17 21 33
+ 6 5 0 17 27 24 40 26 11 4 21 47 40 3 26
- 26 6 3 43 6 43 2 10
+ 46 47 11 38 33 31 13 0 30 0 30 17 31 7 44 31 26 11 17 49 49
+ 6 28 13 17 12 28 17 12 26 11 31
+ 6 28 26 11 17 6 9
- 33 11 17 6 24 20 40 2 20 1
- 6 48 5 17 42 2
- 46 41 24 40 26 11 47 6
- 30 11 6 43 43 45 38 12 19 31
+ 33 12 13 17 12 13 17 31 28 13 0 46
+ 30 17 12 33 20 1 1 1 1 1 1 1 1
+ 46 43 43 45 24
+ 26 6 43 20 17 34 28 49 31 49 24
- 17 41 6
+ 17 15 5 47 6 11 12 8 48 25 32 8 7 48 16 23 7 7 7
- 34 3
+ 17 27 24 6 11 4 48 20 20
+ 12 19 17 49
+ 17 27 36 25 24 41 45
- 46 47 27 6 17 11 16 39 41
+ 33 11 27 28 33 20 1
- 46 47 32 18 48 16 41 9 49 43 8 49 16 49
- 30 17 11 27 28 26 31 14 43 35 2 20
- 17 29 38 15 15 29 21 16 34 45 9
+ 30 17 11 31
+ 46 20 17 45 24 15 27 29 38 8
- 6 16 13 0 26 49 25
+ 30 0 46 26 38 26 49 25
- 30 0 46 38 26 6 20 31
- 29 33 43 31
- 17 19 33
+ 33 11 19 17 45 16 40 44
- 30 0 6 20 1 1 1 1 1
+ 12 17 6 47 22 43 49 45
+ 46 26 38 17 47 40 25
- 46 20 17 6 20 32
+ 6 5 17 39 26 12 28 13 17 31 26 11 40 44 12 33 20 1 1 1 1 1 1
+ 33 11 19 17 45 16 40 44
+ 12 17 45 16 17 45 24 15 27 23 41 17 30
- 17 22 26 43 49
+ 30 0 30 17 11 40 2 20 1 1 1 1 1
- 26 8 36 48
- 46 20 43 19 19 40 2 8 1
+ 30 17 39 28 35 28 17 11 31
+ 30 0 30 17 11 40 2 20
+ 12 27 44 11 31
+ 33 11 31
- 6 28 17 31 17 11 19 49 31
+ 17 27 24 6 11 29 46 7 24
+ 33 39 13 0 6 5 0 46 43 43
+ 46 26 24 40 26 11 12 28 40 29 41 8 38 42 25 27 18 48 21 33
+ 17 12 13 20 34
- 6 46 20 0 19 17
+ 30 0 46 47 42 43 22 43 45 16 17 6 9
+ 30 17 12 13 0 6 28 13 0 12 19 19 40 44 39 35 5 0 33 11 19 27 2 20 1
- 12 40 0 28 28 28 33 20
+ 17 38 27 15 8 15 40 20 20 34
+ 30 0 6 44 39 26 31 17 11 27 5 17 12 17 39 17 39 17 39 7 44 39 17 12 7 5 17 11 27 5 0 46 20 17
+ 30 0 30 0 30 0 17 16 23
+ 30 17 31 17 11 19 40 5 17 31 13 17 11 27 28 33 20 1
- 1 27 41
+ 26 6 20 31
+ 26 45 38 46 26 24 22 12 27 44 39 28 28 35 28 28 13 17 31 26 12 33 20 1 1 1 1 1
- 44 30 17 11 45 15 23 12 45 38
+ 6 44 31 17 12 33 20 1 1
- 33 12 13 33
- 46 43 43 49 43 2
+ 46
- 6 44 12 26 12 28 28 28 13 0 12 2 20 1 1 1
+ 33 11 27 44 12 7 5 17 31 26 31 33 20
+ 17 25 31 49 38 12 27 5 0 46 47 38 7 29
+ 46 20 17 6 47 35 20 20 17 32 6 20 8 46 7 24 20 24
+ 12 40 5 0 17 4 14 36 48
- 21 46 9
+ 6 44 12 7 28 13 0 6 44 39 33 20
- 38 27 4
- 12 18 31
- 22 34
+ 26 45 38 12 19 31
- 12 40 30 28 38 28 7 28 28 7 5 0 30 17 11 19 17 49 12 45 16 27 44 12 28 41 0 30 0 46 20 31
- 28 44 28 11 27 28 18 20 1 1 1 1 4 1
- 11 0 17
+ 30 0 6 28 17 11 27 44 12 26 39 7 5 0 30 17 39 17 11 17 6 9
- 49 39 46
- 12 40 5 46 20 31
+ 6 28 28 7 2 20
+ 46
- 29 17 11 19 17 15 29 38 6 5 17 11 19 40 28 13 0 46 20 31
- 4 0
+ 33 31 7 28 17 39 26 11 19 27 5 0
+ 6 28 17 39 33 20 1 1 1 1 1
+ 17 27 22 34 25 32 45
- 17 29 14 6 20 45 48 21 40 4 48 20 20 20
+ 46 20 40 28 26 11 17 42
+ 17 25 8 18 48 47
+ 46 47 11 38 26 42
+ 26 6 47 1 17 45 38 33 11 31
+ 17 0 41 33
- 26 6 26 16 40 31 11 17 42
- 30 46 17 12 40 5 0 17 39 22
- 26 5
+ 33 39 35 5 17 12 7 28 35 28 7 5 17 39 28 33 20
- 17 33 20 32 31 36 5 15 24 45
+ 33 39 7 28 13 17 11 40 44 12 13 17
+ 12 19 19 27 28 17 39 35 44 12 13 17 39 13 0 30 17 12 17 12 35 44 31 7 28 26 39 17 39 13 0 46 43 43 6 43 20 21 28 49 10 48 7 48 16 23 7 27
+ 30 17 11 27 2 20 1
+ 17 16 41 16 49 49
+ 17 12 13 20 8 34 1 27 5 17 11 27 5 17 31 33 20 1
+ 26 49 4
+ 33 39 17
+ 6 5 17 31 33 20 1
- 17 21 12 6 21 24 46
- 26 45 37 24 40
+ 30 0 6 2 20 1
+ 6 5 17 12 35 44 31 33 20 1 1
+ 30 0 17 25 34
+ 30 17 31 26 12 7 5 17 39 7 28 26 31 35 44
- 33 12 17 22 33 20
- 6 36 39 28 33 20 1 1 1 1
- 12 19 27 5 31 13 17 33 35 5 17 31 33 20 1 1
- 17 4 17 14 39
- 30 0 33 31 28 33 20 21 1
+ 46 43 20 19 46 32 46 7 24
+ 30 17 11 17 49
+ 46 20 17 45 38 33 39 7 28 26 11 17 6 43 20 19 48 8 6 20 17 41 42
+ 30 17 31 17 11 19 40 5 17 31 13 17 11 27 28 33 20 1
- 11 0 17
- 17 47 15 27 2 6 5 0 33 12 22 35 5 17 12 28 42 39 28 7 46 44
+ 17 15 5 47 6 11 12 8 48 25 32 8 7 48 16 23 7 7 7
+ 26 49 25 12 6 47 38 7 29
+ 30 17 39 13 17 12 26 11 27 2 20 1 1
+ 6 28 17 11 19 31
+ 17 12 31
- 6 49 2 20 1
- 41 30 0 30 30 39 26 45 6 26 11 40 5 0 28 33 20 1 1 1 1
+ 12 27 5 17 31 17 31 26 12 17 12 17 39 13 17 12 7 5 0 33 39 33 20
- 7 5 17 39 7 28 7 2 20 37 1
+ 46 43 20 19 38 41 41 43 6 43 6 47
- 15 1
+ 30 0 33 12 35 28 33 20 1 1
- 27
- 40 10 38 8 49 47 2
+ 17 15 8 42 20 14
+ 17 21 40 29 18 48 29 34 22 43 6 26 16 31
+ 26 45 38 6 2 20 1 1 1
- 44 12 35 44 12 26 39 45 39 13 0 26 45 16 31
- 30 0 26 24 15 21 15 9
- 6 44 12 17 39 7 5 17 39 28 28 45 7 5 0 26 6 9
+ 17 25 21 26 43 7 48 0 41 33
+ 33 39 17
+ 30 17 11 31
- 46 35 40 45 24 6 11 30
+ 30 0 26 49 2 12 45 38 26 49 49
- 27 42 49 21 31 24 15
+ 33 39 7 28 13 17 11 40 44 12 13 17
+ 17 38 27 25 8 6 43 49
- 17 12 8 48 21 40 25 21 40 35 20 49 43 45 24 40 26 11 9
- 46 20 17 39 49
- 26 45 24 24
+ 17 4 25 16 36 48 20 20
+ 30 0 12 40 2 20
+ 30 17 11 27 5 17 31 33 20 1 1 1 1 1 1 1 1 1 1 1 1
+ 12 27 44 11 27 2 20 1 1 1 1 1
- 0 15 17
+ 26 49 25 12 45 38 17 47 40 25 15 27 15 24 1 47 6 11 27 22 30 45 45
- 4 20
- 36 0 30 17 9
- 33 31 17 11 40 28 33 26
+ 33 11 40 44 12 7 5 0 12 17 49 4
- 6 2 1 1 1
+ 30 17 11 31
- 12 29 40 28 31 3 2 20 30 1
- 6 16 41 16 49
+ 12 40 44 31 17 31 35 2 20
- 17 15 48 24 43 40
- 42 33 12 18 44 39 35 28 7
+ 46
+ 30 17 11 31
+ 30 0 30 17 39 17 39 17 12 33 20
+ 30 0 17 27 22 11
+ 33 39 17 11 27 28 35 28 17 39 13 0 26 49 4
+ 30 17 12 35 44 31 17 31 28 7 28 33 20
+ 30 17 11 17 49
- 26 48 45 38 46 26 38 6 5 0 46 43 5 20 45 48 34 21 9
+ 33 11 27 44 31 7 5 0 26 49
+ 26 45 16 19 27 2 20 1
+ 12 27 28 28 17 12 7 28 13 0 46 47 6
- 30 17 26 34 31 26 39 41 5 17 11 45 31
+ 33 12 26 12 35 5 0 12 27 5 0 46 20 40 28 28 26 12 7 5 17 31 13 0 6 5 17 39 28 33 20 1 1 1 1
- 4 0
- 46 43 43 45 10 16 19 31
- 19 47
+ 17 29 46
- 46 46
- 0 2 20 18 1 1 1
- 6 18 8
+ 6 28 35 28 28 35 2 20
+ 46 26 16 17 6 20 19 31
+ 6 44 31 17 31 7 28 28 17 12 13 17 11 27 44 12 28 33 20
+ 6 28 13 0 33 39 13 17 31 26
+ 30 17 12 26 12 17 11 31
- 46 7 20 49 15 49
- 6 32 39 37 33 20 1
- 30 0 49 26 49 17 1 31
+ 30 0 6 5 0 46 9
+ 33 12 28 33 20 1 1 1 1 1 1 1 1 1 1 1 1 1 1 1 1
+ 6 5 17 39 26 12 28 13 17 31 26 11 40 44 12 33 20 1 1 1 1 1 1
+ 12 27 5 0 12 17 45 16 19 40 2 20
- 39 42 11 40 48 11 31
+ 30 17 12 13 17 12 35 2 20 1
+ 6 5 0 12 40 5 0 33 11 19 40 44 39 7 44 11 19 17 45 38 46 20 31
- 17 31 19 33 5
+ 46 20 17 45 24 15 27 29 38 8
- 46 15 2 17 6 9
- 6 28 35 28 2 33 13 20
- 12 29
+ 46 47 11 38 26 42
- 33 26 39 17 44 1 11 31
+ 17 29 18 48 0 8
+ 6 28 35 5 17 12 17 12 33 20 1 1 1 1
+ 30 0 26 49 2 12 6 47 32 18 48 38 27 12 42
- 6 44 12 17 39 7 5 17 39 28 28 45 7 5 0 26 6 9
- 33 6 26 24 22 33
- 17 15 8 46 12 6
- 43 25 49 4
+ 26 49 4
- 6 17 39 26 11 35 44 20
- 6 44 31 26 39 5 0 12 19 19 19 19 19 40 2 20
- 38 5
- 6 26 40 25 6 11 15 14 16 24
- 22 46 47 14
- 8 45 16 17 36 49 38
+ 26 45 24 40 3 3 25 40 25
+ 12 19 40 28 13 17 12 17 11 31
+ 30 17 11 27 5 0
+ 33 12 7 28 26 31 33 20 1
- 46 20 19 27 28 13 29 17 11 27 44 11 40 5 17 31 28 7 2 20 1
- 4 4 49
+ 12 17 42
+ 46 26 38 6 28 33 20 1
+ 30 0 46 20 40 44 12 35 44 31 26 31 13 17
+ 30 17 12 33 20 1 1 1 1
- 17 9 41 6 4 21 23 30 22 30
- 12 19 28 17
- 30 6 0 46 17 20
- 2
- 30 0 5 13
+ 26 49 2 12 45 38 46 20 40 28 7 28 26 39 26 39 13 0 17 38 27 4 48
- 6 16 13 0 26 49 25
- 26 16 49
- 46 48 27 8 44 11 17 45 16 40 44 31 11 47
+ 12 17 6 47 22 43 42
+ 17 23 41 17 41 6 29 40
+ 30 0 33 12 7 44 39 33 20 1
+ 17 12 49 24 40 25
- 29 38 15 3 29 33 43 45 37 16 19 27 5 17 31 35 44 31 17 39 35 7 2 20
- 31 46 16
+ 6 5 0 17 16 23 7 27
- 46 32 20 40 14 35 5 17 11 17 45 24 15
- 26 23
+ 33 39 17 11 19 40 44 12 28 17
- 0 46 26 16 27 19 11 27 44
- 30 17 35 44 31 7 5 0 26 45 16 27 5 17
+ 33 12 26 31 7 5 17 31 33 20 1 1
+ 30 0 46 47 6
+ 12 27 5 0
- 20 25
- 12 40 5 0 6 6 2 20 1 1 1 1 1 1 1 1 1
+ 33 12 13 17 12 13 17 31 28 13 0 46
+ 12 40 2 20 1 1 1 1 1
- 17 27 22 6
+ 30 0 26 49 2 12 6 26 38 12 27 5 0 26 42
+ 33 39 35 44 12 7 28 28 13 0 6 28 35 28 35 5 17 39 17
- 26 45 16 11 28 26 31 28 26 12 33 14 1
- 29 33 31
+ 17 25 44 13 48 12 43 18 48 23 8
- 46 35 40 45 24 6 11 30
+ 33 12 7 2 20
+ 17 29 38 8 28 37 46
+ 12 27 5 17 39 28 26 39 35 28 7 44 11 27 28 28 28 28 26
- 33 33 16 47
+ 17 47 22 30 17 31 35 44 11 27 5 0
+ 30 17 39 28 26 31 33 20 1 1 1 1
+ 17 12 2 12 27 5 17 12 13 17 39 33 20
- 17 10 20 40 27 5 17
+ 33 11 40 44 39 26 39 33 20 1 1
+ 46
+ 26 49 1 31 49 2
+ 46 26 16 40 28 13 17 31 35 5 17 12 26 31 13 0 26 42
+ 30 0 26 49 2 12 45 38 26 49 49
+ 30 0 17 38 27 27 36 14 36 48 20 20
+ 30 0 33 39 35 44 31 13 0 33 31 26 39 35 44 31 28 7 2 20 1 1 1 1 1
+ 30 0 12 27 28 13 0 46 43 43 49 25 12 45 16 27 2 20
+ 6 44 11 31
+ 26 49 4
+ 46 43 20 10 1 29 40
+ 30 17 12 35 44
+ 46
+ 30 0 12 27 5 17 11 17 49 49
+ 33 11 31
+ 17 47 40 26 11 29 34 38 7 29
- 12 46
+ 6 44 11 31
+ 30 17 12 28 35 28 33 20
- 26 45 11 16 17 21
+ 12 40 44 39 13 17 39 33 20
- 36 38 5 17 31 26
- 33 31 28 17 12 33 15 20 1 1 1 1 1 1 1 1 1
+ 26 6 20 31
+ 46 43 20 19 46 32 46 7 24
- 41 49 29 40 1 27 22 20
- 30 17 11 27 28 26 31 14 43 35 2 20
- 1 21 40 28 33 20
+ 30 0 30 0 17 16 23 7
- 33 31 1 35 31 39 35 5 0 33 12 33 20 14 1
- 14 25
- 30 0 33 39 26 45 12 12 26 31 26 11 19 28 7 28 20
+ 6 5 0 17 16 23 7 7
+ 6 5 0 30 17 39 35 44 11 40 44
+ 17 4 25 8 35 31 16 41 27 18 48 0 41 9
- 26 27 36
- 6 31 32 33 20 1 1 1 45 1 1 1 1
+ 33 11 17 6 20 17 49
+ 17 4 25 24 45
- 33 31 0 12 27 5 0 12 40 3 17 30
- 29 8 20
+ 46
+ 30 0 6 5 0 33
- 33 31 28 17 31 7 44 43 39 26
+ 30 0 30 17 39 26 31 17 39 35 28 35 44 31 33 20 1
+ 33 39 35 5 17 39 28 13 0 46 26 38 26 42
+ 17 12 29 15
- 28 6 29 17 31 26
- 43 31 48
- 17 41 6
+ 33 12 28 33 20 1 1 1 1 1 1 1 1 1 1 1 1 1 1 1 1
+ 6 28 13 0 33 39 13 17 31 26
- 46 43 42
+ 12 40 28 17 39 7 2 20 1 1 1 1 1 1 1
+ 30 17 31 28 28 28 17
- 47 41
+ 17 27 24 40 26
- 30 12 40 16 20 1 1
- 12 19 28 17
+ 30 0 12 19 40 44 12 26 31 33 20
+ 30 0 46 20 40 44 11 19 40 44
- 30 17 46 17 49
- 6 14 20 1 1
+ 17 38 27 15 27 38 30 29 31 36 25
+ 30 17 31 35 28 26 12 35 5 17 31 26 12 7 28 7 28 7 28 33 20
+ 6 5 0 17 16 23 7 27
- 6 12 27 5 17 12 26 32 28 7 5 0 6 28 33 20 1 1 1
+ 46 26 16 17 45 24 6 11 15 16 24 22
- 10 7 25
+ 17 12 49 38 46 26 24 22 17 23 41 40 9
+ 17 47 40 26 11 29 34 38 7 29
+ 6 44 11 19 17 6 26 38 26 42
- 0 30 17 31 13 0 30 17 12 28 33 20
- 36 0 30 17 9
- 29 33 43 31
+ 17 47 22 46 47 22 20 8 7 48 16 23
- 1 17 33 39 28 17 12 13 0 30 0 46 9
- 17 15 1 27 24 25 6
- 6 44 8 7 44 31 7 44
- 46 26 20 38 46
- 33 31 28 17 47 39 26 11 40 28 47 39 13 0 12 31
- 6 2 20 42 24 1 1
- 30 17 11 36
- 17 5 0 17 9
- 46 0 33 31 26 18 31 26 12 17 49 39 35 5 0 26 49 2
- 12 27 39 35 44 39 17 31 33 20 1 1
+ 17 23 41 6 9
+ 30 0 30 0 33 11 40 44 39 7 28 26 12 26 12 26 39 35 28 17 39 33 20 1 1 1 1
+ 33 11 27 28 28 7 44 31 35 28 17
+ 30 17 31 33 20 1 1
- 33 31 31 0 17 27 4 7 20
+ 6 44 31 33 20 1 1 1
- 12 34 20 27 26 2 20 1 1 1 1 1 1 1
- 17 27 38
+ 26 6 47 21
+ 46
- 38 29
- 28 17 11 31
+ 17 21 33
+ 17 25 21 49 38 26 45 16 27 28 7 2 20
+ 30 0 12 40 44 31 35 5 0 46 47 1 27 44 39 28 33 20 1 1
- 17 6 29
- 17 25 10 36 5 27 24 22 17 38 27 27 22 37 11 35 35 35 49 32 45 30 41 46 11 32 45 11 32 45 25 32 45 34 25 13 25
- 6 5 0 7 19 27 44 11 27 44 11 27 44 39 13 0 17 23 8
+ 30 17 31 35 5 0 17 25 31 42
+ 33 39 26 11 19 31
+ 46 26 38 17 47 40 25
+ 33 31 28 17 12 13 17 39 13 17 11 19 17 6 26 24 40 26 11 0 8
+ 6 28 7 5 17 12 28 33 20 1
- 25 30 6 44 32 17 31 21 33 16 29
- 0
- 17 15 8 44 11
- 3 17 11 19 40 28 26 39 31 28 7 5 11 45 17
- 17 25 44 13 48 21 6 4 14 10 34 25 35 32 45 11 32 45 11 5 45 30 46 37 37 11 13 25 32 45 11 35 13 25 32 45 34 25
+ 26 6 47 1 17 45 38 33 11 31
+ 12 19 40 28 26 31 13 17 39 13 17 31 33 20 1
- 35 49 25
+ 30 0 12 27 5 0 6 28 7 44 31 28 26 11 17 6 9
- 18 46 47 11 38 6 11 29 38 28 33 6 20 34
- 6 15 2 2 20
+ 46 26 38 6 2 20 1
+ 12 17 45 24 22 33
- 26 32 39 0
+ 33 31 28 13 17 11 40 44 11 19 40 28 13 17 39 26 39 17 39 13 17
- 6 28 7 5 17 9 19 19 19 40 28 13 17 11 40 28 7 28 44 17
- 17 27 36 4 23 22 43 25 45 11 32 45 11 32 45 37 37 34 25 32 45 30 46 9 34 25 35 32 45
- 46 43 43 45 10 16 19 31
+ 33 39 7 5 0 33 12 26 12 28 28 13 0 6 44 12 7 44
+ 12 17 49
- 7 11 3
- 24 5 17 14 28 17 12 20 42 33 20 1
+ 17 4 14 36 21 47 6 11 16 23 7 27
+ 6 28 28 7 44 39 28 13 17 12 13 0 30 0 26 45 38 6 2 20
- 4 0 30 17 15 17 6 20 20 19 17 49 49
- 33 31 1 35 31 39 35 5 0 33 12 33 20 14 1
+ 26 49 4
+ 46
+ 6 44 11 17 45 24 6
- 30 0 41 40 23 30 22 41 33
- 26 23
+ 17 23 41 17 41 6 29 40
+ 6 5 0 6 44 39 7 44 12 13 0 12 40 28 17 11 19 40 2 20 1 1
- 25 40 39 42
- 36 40 5 0 30 17 12 7 12 31 13 0
+ 30 0 26 45 16 17 49 49
+ 30 0 33 39 26 12 28 17 39 17 39 13 0 26 45 24 22 26 49 4
+ 17 0 41 17 41 9
- 6 8 29 2 14 2 20 1
- 33 31 28 17 31 7 44 43 39 26
+ 6 28 28 13 0 46 9
+ 46
- 9 48 33 12 17 11 19 40 2 20 1 1
+ 26 45 24 40 26 11 21 33
- 12 19 27 24 2 29
+ 17 47 15 27 47 22 12 17
- 34 21 8 35 0
+ 6 28 28 7 44 39 28 13 17 12 13 0 30 0 26 45 38 6 2 20
- 6 17 13 39 17 5 0 12 31
- 7 12 17 22 6
+ 33 31 17 39 33 20 1 1 1 1 1
- 33 12 49 27 26 11 31
+ 6 5 17 11 40 2 20 1
- 6 44 7 11 40 44 39 17 11 19 31
- 33 12 17 11 19 5 12 17 42
- 17 23 22 41 17 8
+ 30 17 31 26 31 28 35 5 17 11 17 6 43 20 34
- 39 46 1 20 17 45 16 27 2 20 1 37 1
- 6 14 20 1 1
+ 26 6 20 31
+ 26 45 24 6 11 29 40
- 26 0 46 47 0
- 26 46 45 16 31
+ 46 47 22 20 32 31 49 16 27 44 39 33 20 1 1 1 1 1 1 1 1 1 1 1 1 1 1 1 1 1 1 1 1
+ 33 12 28 26 11 31
+ 30 17 12 35 44 31 7 28 26 31 28 28 13 17 31 33 20
+ 46 43 20 10 20 31 21 47
- 33 12 15 28 39 33 20
+ 17 16 41 30 27 36 25 24 42 48 20
- 23 2 10 8
+ 17 25 21 26 43 7 48 0 41 33
+ 46 47 34 49 38 46 43 20 21 26 20 28
- 33 39 40 26 12 7 2 33 1
+ 12 19 19 40 5 17 11 40 5 17 31 13 17 12 26 12 28 35 2 20 1 1
- 25 21 40 16 49 16 27 44 11 19 17 49 49
+ 30 17 39 13 17 12 26 11 27 2 20 1 1
+ 12 17 49
- 33 33 12 7 12 17 38 11 27 44 11 19 40 28 14 17 31 35 2 20 1 1 45 1
+ 6 44 39 35 5 17 31 17 39 28 7 28 7 2 20
+ 12 27 5 0 12 17 45 16 19 40 2 20
+ 46 26 38 33 31 7 28 26 31 7 5 0 6 2 20
- 16 4 35 26
- 6 2 20 1 1 6 1
- 30 31 39 29 11 17
- 33 12 7 28 35 44 47 31 35 28 26 11 17 6 47 21 8 34 34 42
+ 26 45 24 6 11 29 40
+ 33 31 17 39 35 5 0 26 45 16 40 5 17 31 33 20
- 30 17 39 11 40 5 0 17 27 22 11 32 45 11 32 45 37
+ 17 25 21 1 14 43 49
+ 6 28 7 28 26 11 19 27 5 17 12 26 11 19 31
+ 12 27 44 11 27 2 20 1 1 1 1 1
+ 12 19 40 28 13 17 12 17 11 31
+ 30 17 12 26 11 27 28 26 11 40 44
+ 6 5 17 11 40 2 20 1 1 1 1
- 17 17 29 34 41 6 9
- 42 6 28 13 0
- 26 6 22 7 22 43 49
+ 46 26 38 33 12 26 12 13 17 12 33 20
+ 33 11 27 44 39 13 0 12 19 19 40 5 0 26 6 47 1 31
+ 17 12 1 47 20 10 45
- 45 33 15 22 20 1
+ 30 0 46 43 43 45 38 26 45 38 33 12 7 28 13 17 39 13 17 31 26
+ 12 40 28 26 12 35 2 20 1
+ 17 16 41 16 30 27 24 40 25 6 11 9
- 33 39 17 12 39 33 20 1 1 1 1 1
+ 6 44 31 28 13 0 26 45 16 27 44 12 26 31 28 7 28 33 20 1
+ 46 26 16 19 17 45 16 19 31
+ 33 31 17 11 17
- 30 17 12 45 1 31 28 7 44 12 35 26 5 0 33 39 28 7 44 31 35 5 0
- 17 4 21 0 41 6 16 36 29 46
+ 30 17 39 35 44 11 19 17 6 20 27 2 20 1 1 1 1
+ 33 39 7 44 11 31
+ 30 17 11 27 2 20 1
- 6 46 20 0 19 17
+ 26 45 38 6 28 35 44 12 28 13 0 17 0 41 6 15 5 47 6 11 27 22 30
- 19 10 11
+ 33 11 40 28 28 26 12 13 0 26 6 9
+ 30 17 12 7 5 0 26 45 16 40 2 20
+ 17 0 41 17 41 9
+ 12 40 28 26 12 33 20 1
+ 12 40 44 12 35 2 20
+ 30 17 11 19 27 2 20 1 1 1 1 1
- 49 17 39 0 26 6 43 20 34
- 33 17 19 25 24
+ 30 0 17 21 40 0
+ 17 25 45 48 0 41 33
+ 6 5 0 12 40 5 0 33 11 19 40 44 39 7 44 11 19 17 45 38 46 20 31
+ 12 27 2 20 1 1 1 1 1 1 1 1
+ 46 43 20 45 48 38
+ 26 6 20 40 44 11 31
+ 6 44 31 17 31 7 28 28 17 12 13 17 11 27 44 12 28 33 20
+ 33 12 35 5 0 33 31 13 0
- 46 43 27 5 17 39 13 12 19 19 27 28 3 2 0
+ 26 45 24 6 11 25 21 13 43
+ 6 28 13 0 6 2 20 1 1 1
+ 17 15 24 42 48 20 20
+ 17 16 23 7 7 7 7
+ 30 0 46 47 6
- 15 18 20 31
- 43 6 15 5 17
+ 26 45 16 27 28 13 17 31 33 20 1 1 1 1 1 1 1 1 1 1
- 30 11 6 43 43 45 38 12 19 31
+ 6 28 17 31 7 5 17 11 27 5 17 12 35 44 31 17 31 7 44 11 19 40 28 26 11 19 31
+ 12 17 45 24 40 3 3 3 25 22 46
- 6 10 17
+ 26 6 26 16 27 28 13 0 46 47 42 19 40 49 2 12 6
+ 6 28 35 5 17 12 17 12 33 20 1 1 1 1
+ 17 21 17 41 17 8
- 26 15 34 32
+ 46
- 45 38 30 17 11 40 2 20 1 23 1 26 1 1 1 1
- 10 6 28 43 11 44 30 31 13 17 12 35 44 24 28 13 0
- 6 44 7 11 40 44 39 17 11 19 31
+ 33 11 19 27 5 0 26 45 24 40 26 11 0 41 17 30 22
- 17 12 35
- 4 49 41 31 6 9
- 30 17 11 3
- 20 20 31
+ 17 21 6 12 43 7 48 23 8
+ 30 17 12 17 39 7 5 17 11 31
+ 12 19 40 5 17 31 7 28 13 0 30 0 26 42
+ 46 47 34 8 48 0 30 22
- 45 30
+ 6 28 17 11 40 5 0 6 28 33 20 1 1 1
+ 33 12 33 20 1 1 1 1 1 1 1 1 1 1 1 1
- 17 11 40 44 13
+ 12 19 27 5 0 26
+ 6 44 11 17 45 38 17 4 48 20 20 20
+ 17 29 7 48 16 23 7
+ 26 49 1 31 49 45
- 6 5 0 17 29 27 48 47 6 2 29 46 29
- 30 30 0 12 40 2 44 1
+ 33 11 19 40 44 12 35 44
- 22 30 17 39 26 31 28 26 39 26 39 17 31 13 17 39 18 17
- 30 17 11 40 0 6 5 17 11 31
+ 6 44 31 17 12 33 20 1 1
- 33 31 17 11 40 28 33 26
- 42 17 0 48 41 4 20 27 24 15 27 24 16 41 30 0 41 6 21 12 48
+ 17 27 22 37
+ 12 40 2 20 1 1 1 1 1
- 31 33 20 1 14
+ 30 17 31 35 44 31 26 39 7 44 31 26
- 6 15 29 20 49 1 1
+ 26 45 24 15 27 23 8
- 26 45 15 35 17 42
+ 30 0 30 17 11 40 44 39 7 5 0
- 14 25
+ 17 21 6 12 43 7 48 23 8
- 20 30 36
- 28 42
+ 17 38 27 25 14
- 25 33 12 28 13
- 23 5
- 39 12 1 22 49
- 30 17 12 45 1 31 28 7 44 12 35 26 5 0 33 39 28 7 44 31 35 5 0
+ 30 0 33 11 40 28 17
+ 12 17 49
+ 46 26 38 30 17 39 17 39 35 44 39 13 0 6 28 35 28 33 20 1 1 1 1 1
+ 12 19 40 28 33 20 1 1 1
+ 17 27 36 25 24 41 45
- 30 28 17 46 20 19 40 2 20 1
- 48 30 0 30 17 31 17 39 26 31 35 5 27 17 11 31
+ 6 44 39 28 13 17 39 35 44 12 35 44 31 13 17 11 40 44 11 31
+ 17 47 40 25 6
+ 17 25 45 48 0 41 33
- 24 19 9
+ 30 17 11 40 28 17 31 13 0 6 5 0 17 29 38 15 37 38 15 37 18 48 23
- 49 19 2 27 2 20 23 1 1
- 22 36
- 47 48 17 12 7 2 20 1 1 1 1 1
- 6 6 28 17 31 13 0 12 19 31
- 33 11 19 19 45 16 31
- 46 43 20 44 13 31 48 38 27 47 22 37 6 44 39 35 5 0 2 20 1 1 1 1 1 1 1
- 46 47 22 40 24 22 17 17 4 21 25 34
- 30 17 35 44 31 7 5 0 26 45 16 27 5 17
+ 26 6 20 40 44 11 31
- 30 17 28 13 17 11 31
- 26 16 17 49 38 26
- 12 35 28 33 20 24 1 1 1 2
+ 12 40 28 17 39 33 20 1 1 1 1 1 1 1 1 1 1
+ 12 19 27 28 17 31 7 28 33 20 1 1 1 1 1
- 17 49 45
+ 12 40 44 11 27 5 0 12 17
- 23 2 10 8
+ 26 6 43 20 17 34 28 49 31 49 24
+ 6 44 12 17 39 33 20 1
- 26 49 25 12 45 16 28
- 39 10
+ 17 12 28 37
- 30 17 11 19 27 44 31 13 17 1 17
+ 46 26 16 27 44 12 28 17 11 40 44 31 13 0 46 43 20 21 2 30 0 17 27 22 30 46 37 30 45 45 30
- 28 43
+ 46 47 35 31 35 31 48 14
- 38 29
+ 33 12 26 11 27 44 12 28 28 13 17 31 28 28 13 17 12 26 39 17 31 26 31 7 44 31 13 17 39 26 12 26 12 13 17 11 19 19 19 27 5 17 12 7 5 17 39 33 20 1 1 1
+ 12 40 28 17 39 7 2 20 1 1 1 1 1 1 1
- 0 30 17 31 13 0 30 17 12 28 33 20
+ 46 26 24 40 25 6 11 23 41 40 15 5 16 41 16 30 16 41 49
+ 17 29 46
+ 33 11 31
- 6 28 28 26 39 43 11 31
- 17 27 24 10 10 46 9
+ 33 11 19 19 40 44 39 7 2 20 1 1
- 6 43 20 17 14 34 31 2 47
- 44 30 17 40 31 13 6 46
- 6 44 12 47 13 17 11 19 19 42 32 19 31
- 6 34 11 27 2 25 1 1
- 6 28 28 26 31 17 7 28 28 17 12 26 11 31
- 12 35 28 33 20 24 1 1 1 2
+ 6 28 35 44 39 26 39 35 44 11 17 42
+ 33 12 28 28 26
+ 46 43 20 8 38 15 40 21 46
+ 6 44 39 28 13 17 39 35 44 12 35 44 31 13 17 11 40 44 11 31
- 30 9 0 12
+ 30 17 11 27 5 17 11 19 17 6 20 31
+ 12 27 5 0 46 26 16 27 44 12 17 11 40 28 35 5 17 31 17
+ 6 5 0 46 47 0
- 26 8 36 48
- 8
- 33 22
- 46 20 17 1 45 16 24 5 0 12 17 42
- 17 29 7 48 4 25 8 48 19 46 20 43
+ 17 27 36 21 29 40
- 31 1 41
- 33 7 12 7 5 17 39 31 26 18 31 26
+ 30 0 6 44 11 27 2 20
- 41 30 0 30 30 39 26 45 6 26 11 40 5 0 28 33 20 1 1 1 1
+ 33 39 28 13 0 30 17 39 7 28 17 31 26
- 26 45 16 40 20 1 1
- 20 47 16
- 21 17
+ 30 0 33 39 28 33 20 1 1 1 1 1 1 1
+ 26 45 16 17 6 9
- 9 16 31
+ 17 4 25 8 35 31 16 41 27 18 48 0 41 9
+ 30 0 33 39 26 31 26 39 13 0 30 17 31 17 12 17 31 17 12 13 0 46 9
- 26 45 11 16 17 21
+ 17 12 33 20 45 48 15 24 1 25 21 35 24 15 27 25 34
- 12 17 45 38 6 26
+ 17 12 26 41 20 13 20 14
+ 33 12 28 26 11 31
- 38 5 33
- 28 35 28 28 7 28 13 17 28 11 40 28 35 44 12 26 12 13 0 12 31
+ 46 43 20 32 14
+ 6 28 28 28 13 17
+ 12 27 44 11 40 2 20
- 17 48 23 30
- 4 4 19 31
- 46 32 20 40 14 35 5 17 11 17 45 24 15
+ 6 5 17 12 35 44 12 26 12 17 31 17 12 33 20 1 1
+ 33 39 7 5 17 12 26 12 17
+ 6 44 39 33 20 1 1 1 1
+ 12 19 27 28 17 31 7 28 26
- 26 20 24 20
+ 12 27 28 28 33 20 1 1 1 1
+ 30 17 39 17 31 13 0 33 12 28 26 12 26 11 40 5 17 11 19 27 2 20
- 31 33 27 5 20
+ 46 20 27 28 7 44 31 28 26 39 28 7 5 17 31 33 20 1 1
+ 17 27 36 14 22 30
+ 12 19 40 28 33 20 1 1 1
+ 6 44 11 31
+ 6 28 35 44 39 26 39 35 44 11 17 42
+ 17 4 21 4 14 22 11 32 45 34 25
+ 17 16 41 16 30 27 24 40 25 6 11 9
+ 6 5 17 11 40 2 20 1 1 1 1
- 21 16
- 11 17 38 30 12 34 26 38 46 20 40 2 20 1 1 10 1 1 1
- 17 16 24 16 16 16 29 16 30 38 27 15 7 48 4 21 4 21 47
+ 17 25 17 42 43 22 43 42
+ 6 5 17 31 17 31 13 17 39 26 31 7 2 20
+ 12 19 27 5 17 11 40 44 39 7 28 28 33 20 1
+ 33 12 13 0 30 17 11 27 5 17 12 33 20
+ 6 28 28 7 2 20 1
- 33 39 33 1
+ 6 28 13 17 39 7 2 20
+ 46 47 11 24 6 11 21 33
- 30 17 12 5 17 39 32 26 28 17 39 41 20 18 1 1
+ 12 19 40 28 7 28 33 20 1 1
- 17 31 19 33 5
- 30 0 17 27 22 37 37 37 37 30 45 45 34 25 32 45 37 37 11 35 35 35 32 45 37 37 11 35 32 45 34 25 32 45 30 45 45 11 32 45 34 25 32 45 37 37 34 25 35 13 25 35 35 35 13 25 32 45 11 13 25 35 13 25 13 25 32 45 30 46 11 32 45 34 25 35 35 32 45 34 25 35 35 32 45 27 11 32 45 11 13 25 35 35 35
+ 33 11 31
+ 33 11 31
- 30 35 12 7 2 11 34
- 12 17 45 38 6 26
- 30 0 17 15 24 36 16 27 16 22 11 13 25
- 6 39 17 39 26 12 13 24 17 16 23 7 29 7 27
- 30 0 2 0 46 20 17 6 43 43 42
+ 17 15 5 9
+ 30 0 6 44 39 35 44 11 40 2 20 1 1 1 1
+ 17 15 16 36 21 15 8 38 36 5 15 24
+ 30 17 31 26 11 27 28 13 17 31 33 20 1 1 1 1 1 1 1 1
+ 12 27 5 17 11 27 44 12 35 5 17 39 26 11 17 42
+ 33 39 26 39 13 0 12 17 49 4
+ 17 4 14 36 48
+ 26 6 20 27 2 20 1
+ 12 19 40 28 35 44 39 35 44 31 26 31 33 20
- 36 35 0 41
- 17 12 2 17
+ 6 28 26 11 27 5 17 31 26 11 31
+ 46 47 41 49 2 12 49 25 12 49 1 31 49 49
+ 33 31 35 28 17 11 40 5 17 31 35 5 0 30 17 39 28 17 31 13 17 11 40 28 28 17 39 26 31 35 2 20 1 1
+ 46 26 16 17 49 25 12 42
+ 17 4 25 5 12 1 19 35 31 48 44 11
+ 17 21 33
+ 26 45 16 19 19 19 27 44 12 13 17 12 28 28 7 2 20 1
+ 46 26 16 17 45 24 6 11 15 16 24 22
+ 6 5 17 39 35 5 0 33 39 35 5 17 12 17 11 40 5 0 12 40 28 35 28 28 7 5 17
- 31 36
+ 33 11 31
- 33 12 35 28 25 39 28 7 28 13 0 2 33 39 7
+ 46
- 30 0 30 39 17 39 13 17 31 7 5 17 39 37 17 12 28 13 17 39 7 44 31 33 20 1
- 33 22
+ 33 12 7 2 20
- 17 27 22 6
+ 46 43 20 10 36 27 7 48 25 21 32 13 48 16 23 7 7
- 17 17 29 34 41 6 9
- 20 17 0 30 10 41 9
+ 6 5 17 12 28 33 20
+ 33 39 7 44 12 33 20 1 1
- 33 12 17 11 19 5 12 17 42
+ 6 28 35 44 11 31
+ 12 19 19 27 28 35 5 17 31 28 7 2 20 1 1 1
+ 12 19 27 28 17 31 7 28 26
- 33 31 39 26 13 0 6 0 31 12 49 1
- 13 2 49 1
- 33 31 31 0 17 27 4 7 20
- 45 0
- 17 26 38 32 9
- 33 12 28 28 28 7 5 0 33 39 13 41 11 17 49 47 34 45
+ 33 31 28 7 28 35 44 39 28 28 35 28 26 11 40 44 11 31
+ 17 29 7 48 16 23 7
- 22 32
- 33 31 25 17
- 46 47 32 7 48 25 8 0
+ 30 0 46 26 38 17 25 14
- 41 33
+ 30 17 12 33 20 1 1 1 1 1 1 1 1
+ 6 2 20 1 1 1 1 1 1 1
- 46 20 40 28 13 17 11 27 44 44 27 2 20 1
+ 46 20 17 6
- 31 2 20
- 6 25
- 30 41 0 26 45 16 40 5 17
- 17 15 8 46 12 6
+ 26 6 20 17 42
+ 30 0 12 27 28 33 20 1 1
- 6 5 0 17 29 27 48 47 6 2 29 46 29
- 46 35 20 10
- 0 2 20 18 1 1 1
+ 33 39 17 39 33 20
- 17 15 24 43 39 40
+ 26 49 4
+ 12 40 44 12 33 20
+ 26 45 16 17 6 43 43 42
+ 30 17 11 27 28 26 12 35 28 26 31 17 11 19 27 2 20 1 1 1
+ 30 0 17 29 7 48 9
- 17 41 24 41 16 49 49 17 30 8 13
- 49 11 10 1 45 30 17
- 26 35 2 49 29
+ 17 27 22 11 13 25 35 32 45 37
- 19 47
- 30 0 33 31 35 44 31 13 0 46 26 24 22 6 2 20 28 1 1 1 1 1 1
+ 6 28 33 20 1 1 1 1
- 26 17 23 8
- 33 33 16 47
+ 33 39 35 5 17 12 7 28 35 28 7 5 17 39 28 33 20
+ 33 11 31
+ 26 49 25 12 49 2
- 46 25 47 32 34 22 20 32 21 35 24 40 3 3 15 25 22 26 42
- 6 15 2 2 20
+ 33 39 17 12 35 5 17 39 28 26 11 27 5 0 30 0 33 31 35 28 26 39 33 20 1 1 1 1 1 1 1 1
+ 33 11 31
- 39 46 1 20 17 45 16 27 2 20 1 37 1
+ 6 5 17 11 40 28 28 26
- 23 5
- 30 17 31 7 5 22
+ 33 39 26 31 28 7 2 20 1
+ 46 47 1 27 5 0 26 6 20 31
+ 30 0 33 12 26 39 33 20 1
- 30 15 30 17 33 35 41 35 2 20
+ 17 21 40 4 14 36 14 24 22 33 31 26 31 28 35 5 17 12 7 44 39 26 11 19 17
- 21 46 9
+ 12 27 5 0 46 26 16 27 44 12 17 11 40 28 35 5 17 31 17
- 26 46 45
+ 26 45 24 40 26 11 15 8 48 19 38 20 13 20 44 11
- 17 47 40
- 7
+ 46 47 1 27 44
+ 17 15 16 36 21 12 42
- 5 49 14 12 2
- 12 30 46 20 19 27 5 13 17 48
+ 30 17 11 19 19 17 45 16 31
+ 33 31 28 28 35 28 33 20 1 1
- 26 6 26 16 40 31 11 17 42
- 12 46 20
+ 30 17 12 35 44 31 7 28 26 31 28 28 13 17 31 33 20
+ 46 47 38 7 29
+ 46 47 32 46 7 24 20 24 20 24
+ 26 45 24 22 26 45 38 30 17 39 13 0
+ 46 26 24 22 6 44 11 27 2 20
- 46 26 24 20 11 47
- 30 17 17 39 28 13 17 39 17
+ 12 40 5 17 11 27 2 20 1 1 1 1
+ 26 49 25 12 49 2
+ 30 17 12 13 17 31 13 0 46
+ 46 47 42 47 20 31 43 6 43 49 45
+ 26 6 26 24 15 27 47 22 6 2 20 1 1
+ 33 39 17 39 33 20
+ 17 25 21 49 38 26 45 16 27 28 7 2 20
- 8
+ 30 0 30 0 46 43 20 32 45 48 12 41 16 36 48 20 20
+ 33 39 17 12 35 5 17 39 28 26 11 27 5 0 30 0 33 31 35 28 26 39 33 20 1 1 1 1 1 1 1 1
+ 12 17 49
- 46 20 17 39 49
+ 33 12 35 44 11 31
- 17 26 38 32 9
+ 33 31 13 0 46 26 24
+ 33 11 19 27 5 0 26 45 24 40 26 11 0 41 17 30 22
+ 17 21 6 0 41 6 4 48
- 26 1
- 40 5 44 12 13 43 0 12
- 6 33 20 1
- 38 5
- 17 9 41 6 4 21 23 30 22 30
- 8 24 49
- 17 29 38 15 15 29 21 16 34 45 9
+ 17 12 13 20 21 26 1 21 17 8
- 46 47 22 20 45 48 21 26 33
- 39 42 11 40 48 11 31
+ 33 31 7 44 12 7 44 12 33 20 1 1
+ 30 17 39 35 28 28 28 13 0 6 5 0 33 11 17 45 24 15 27 27 24 22
- 45 30
+ 30 17 39 28 35 28 17 11 31
+ 6 28 7 44 39 17 11 19 40 5 17 31 7 44
+ 12 40 44 12 33 20
- 31 33 27 5 20
+ 17 15 24 42 48 20 20
+ 6 44 39 35 5 17 31 17 39 28 7 28 7 2 20
+ 6 5 17 12 17 12 33 20
- 44 11 27 28 35 28 35 5 12 19 40 21 20 1 1 1 1
+ 30 17 31 17 31 35 28 28 26 11 19 40 2 20 1 1 1 1 1
+ 30 0 46 47 0
- 17 25 9 0 17
+ 6 28 7 28 7 28 17 12 35 5 17 12 35 44 12 7 5 0 33 31 35 2 20 1 1 1 1 1 1 1
+ 17 25 21 42
- 49 11 10 1 45 30 17
- 30 17 11 36
+ 6 28 13 17 39 13 0 33 11 31
- 10 37
- 30 0 17 15 24 36 16 27 16 22 11 13 25
+ 30 17 11 19 40 2 20 1 1
+ 17 12 13 20 21 26 1 21 17 8
+ 17 25 32 32 45 48 0 8
- 11 17 38 30 12 34 26 38 46 20 40 2 20 1 1 10 1 1 1
- 12 12 27 13 0 46 9
- 12 46 20
+ 33 11 31
+ 46
+ 26 6 20 27 28 33 20 1 1 1 1
- 46 41 9
+ 33 39 26 11 17 42
- 6 8 29 2 14 2 20 1
- 46 25 47 32 34 22 20 32 21 35 24 40 3 3 15 25 22 26 42
+ 30 17 39 33 20 1 1 1 1
- 49 19 2 27 2 20 23 1 1
- 30 0 19 17 42
+ 30 17 11 27 5 0
+ 12 17 42
+ 30 0 33 12 35 28 33 20 1 1
+ 30 0 46 20 17 49 25
+ 26 6 20 17 42
- 30 0 26 45 16 40 13 2 20 1 1
+ 30 17 12 28 28 26 39 26 11 17 49 25 12 45 24 22 33 11 40 28 28 17 31 13 17 39 28 33 20 1 1 1 1
- 27 44 33 4 31 33 20
- 17 1 27 23
+ 6 44 39 28 17 31 26 11 40 44 31 13 17 31 17
+ 6 5 17 31 13 17 31 28 35 2 20
+ 33 11 17 49
+ 30 0 17 38 27 27 36 14 36 48 20 20
+ 17 12 33 20 10 42 21 21 33
- 9 16 31
+ 6 5 0 12 19 17 42
- 42 19 31
+ 12 27 44 12 28 28 17 11 27 44 39 28 33 20 1 1 1 1 1 1
- 16 16 24 38 13
- 30 17 39 41 26 27 13 0 33 12 17 12 17 19 17 28 6
- 30 0 41 40 23 30 22 41 33
+ 46
- 6 17 31 35 2 20 6 20 1 48
- 9 27 45 29 10 45 38
+ 46
+ 6 28 13 17 12 28 17 12 26 11 31
+ 6 5 17 39 7 44 39 17 31 13 0 26 6 9
- 6 26 40 25 6 11 15 14 16 24
+ 33 12 7 5 0 17 21 6 16 23 7 27
+ 17 15 16 22 37 37 11 32 45 30 45 45 30 46 11 32 45 30 46 11 13 25 32 45
+ 33 11 17 45 16 31
- 32 2
- 26 30 19 6 20 17 45 11 16 31
+ 6 28 17 12 7 2 20 1 1
- 41 28
+ 30 0 6 5 17 39 7 5 17
+ 6 5 17 31 17 31 13 17 39 26 31 7 2 20
- 30 31 39 29 11 17
- 6 5 10 17 12 0 17 34 31
+ 26 49 4
+ 6 2 20 1 1 1 1 1 1 1
- 17 29 7 48 4 25 8 48 19 46 20 43
+ 33 31 28 35 2 20 1
- 46 20 44 12 20 38 1
+ 33 12 35 5 0 17 4 25 5 38 27 16 23 7 7 7 27
+ 33 12 26 12 13 17 31 35 2 20 1 1 1 1 1 1 1 1 1
+ 33 11 27 28 35 44 39 26 39 26 12 7 28 13 17 39 33 20 1
- 3 43 44
+ 46
- 26 24 6
- 17 38 24 27 25 34
- 17 25 9 0 17
- 1 31
- 26 2 26 28 7 28 20 1 1
- 33 39 41 35 28 28 28 28 26 31 7 28 28 17 16 7 7 2 20 1 1 1 1 19 1 1 1 1 1 1 1
+ 30 17 11 31
+ 6 5 17 39 7 44 39 17 31 13 0 26 6 9
- 25 33 12 28 13
+ 30 0 30 0 6 5 0 26
- 6 23 17 31 26 31 13 17 31 35 28 13 17 4 0 30 0 17 9
- 30 26 49 45
- 1 18 29
- 6 2
- 46 2 29 16 12 42
+ 33 12 33 20 1 1 1 1 1
+ 12 27 44 31 26 12 28 28 33 20 1 1
- 46 20 44 12 20 38 1
+ 46 47 11 16 31
- 46 26 24 20 11 47
- 42 31 26 12 17 39 7 5 0 30 17 39 17 31 13 17 12 35 28 26 31 13 17 11 10 17
- 29 11 31
+ 30 0 30 17 11 40 2 20
- 29 12
- 6 15
+ 30 0 33 12 7 5 17 39 26
+ 17 16 41 16 49 49
+ 30 0 46 47 40 49 1 31 45 16 31
+ 12 27 28 28 33 20 1 1 1 1
+ 46
+ 26 6 20 27 5 0 26 49 4
+ 26 45 24 40 26 11 15 8 48 19 38 20 13 20 44 11
+ 6 5 17 11 17 49 25 12 6 9
- 34 3
+ 33 11 19 27 28 26 31 26 11 17 42
- 6 49 28 24 23 20 48 1 1 1 1
+ 12 19 40 28 7 28 33 20 1 1
+ 12 17 49 25 12 49 2 12 6 47 22 20
- 33 11 17 45 24 6 11 24 27 18 48 27 30 45 45 34 25 32 45 34 25 35 35 35 32 45 30 45 45 37 30
+ 12 40 5 0 17 4 14 36 48
+ 30 0 33 11 40 28 17
+ 26 6 47 41 42
+ 33 11 17 49
- 43 31 48
- 18 41
+ 17 38 27 25 8 6 43 49
- 7 26 0 43 38
+ 26 6 26 38 26
+ 26 49 4
+ 12 17 45 24 22 33
+ 30 17 39 13 17 11 31
- 5 30 48 32 17 11 17 6 20 40 21 2 20 1
+ 30 0 46 20 17 49 25
- 43 45 31
+ 17 21 6 25 44 13 48 25 19 1 18 48 47
+ 26 6 47 35 20 20 45 48 16 23
+ 17 12 1 14 20 31 34 47 41 49 25 12 45 24 40 26 11 29 7 48 12 34 47 11 24 22 6 44 11 27 44 39 13 17 39 35 5 17 39 33 20 1
+ 46 26 38 33 12 26 12 13 17 12 33 20
- 26 45 15 35 17 42
+ 46 20 17 45 24
+ 33 31 13 17 39 35 5 17
+ 12 17 45 24 15 27 9
- 35 27 36 14 24 22 5 19 2 12 49 21 49
+ 6 28 35 28 35 5 0 6 28 17 11 17 42
- 30 17 11 19 40 13 28 26 11 27 28 7 5 17 11 17 6 47 35 20 43 42
- 42 1 49 10
+ 33 11 31
- 33 31 25 17
- 35 49 25
- 46 43
+ 12 17 6 47 22 20 17 41 49 2 12 42
- 30 11 17 6 43 20 31 8 48 42 38 13 27 15 27 15 5 9
+ 26 45 38 46 43 43 45 16 19 17 49 2 12 42
+ 6 5 17 12 26 12 35 5 17 31 28 7 28 7 5 17 31 33 20 1 1 1
+ 46 26 24 15 27 27 36 21 16 23 7 27
- 44 19 11 33 28 20 1
+ 17 47 40 25 40 3 25 22
+ 46
- 20 26 45 38 21 17
+ 30 0 6 28 17 12 7 5 17 39 26 39 13 0 17 27 36 48 20
- 29 38 15 3 29 33 43 45 37 16 19 27 5 17 31 35 44 31 17 39 35 7 2 20
+ 33 11 27 28 33 20 1 1
- 6 19 2 20 1 1 9 1
+ 17 29 46
+ 30 0 33 31 13 0 6 5 0 12 27 2 20
+ 6 5 0 46 9
- 33 8 31 28 26 31 17 11 27 5 0 17 38 27 38
- 47 33 31 7 28 22 27 2 20 1 14 1
- 26 24 6
+ 30 17 11 40 44 31 13 17 12 7 5 0 30 0 12 40 28 33 20
- 6 5 45 26 45 16 31
+ 46 26 24 15 27 27 36 21 16 23 7 27
- 46 35 20 10
- 6 16 41 16 49
- 17 22 26 43 49
- 30 17 39 28 33 31 28 17 31 28 33 20 38 1 1 1 1 1 1 1 1 1
- 10 37
+ 17 29 46
- 45 26
+ 6 5 17 12 26 12 7 28 35 28 35 2 20 1 1 1
- 6 39 17 39 26 12 13 24 17 16 23 7 29 7 27
- 46 14 47 41 43 16 40 28 35 5 17 39 26 11 31
+ 30 0 12 19 40 44 12 26 31 33 20
+ 46 26 38 33 11 27 5 0 6 2 20
- 16 49 43 23
+ 46 20 40 5 0 33 11 40 28 35 44
- 24 19 9
+ 26 49 25 12 45 38 17 47 40 25 15 27 15 24 1 47 6 11 27 22 30 45 45
- 6 28 18 28 17 7 2 20 25 41 1 1
- 30 0 26 45 16 40 13 2 20 1 1
+ 30 0 46 26 38 26 49 25
- 6 40 30 31 13 12 17 6 43 20 45 4 14 36 21 27 24
- 30 26 49 45
- 30 48 0 6 5 17 12 26 44 39 43 28 7 5 0 17 4 21 12 31 15
+ 30 0 33 39 35 44 31 13 0 33 31 26 39 35 44 31 28 7 2 20 1 1 1 1 1
+ 46 47 21 17 21 31 40 16 8 48 29 38 28 37 40
+ 33 39 17
- 17 38 24 27 25 34
+ 46 43 20 45 48 15 8 13
- 15 18 20 31
- 30 17 11 19 27 44 31 13 17 1 17
+ 30 0 46 47 0
- 46 47 34 48 4 14 36 14 7 11 32 45 11 32 45 30 14 45 16 37 37 11 13 25 32 45 37 34 25 35 13 25
+ 12 17 6 47 0
+ 30 17 31 35 28 26 12 35 5 17 31 26 12 7 28 7 28 7 28 33 20
+ 33 39 35 44 11 19 19 17 6 43 20 44
+ 6 28 28 35 5 17 11 17
- 33 12 28 28 33 20 26 1 1 1 1
+ 30 17 12 26 39 13 0 6 28 13 0 6 2 20 1
- 16 4 35 26
+ 33 39 13 17 11 40 28 26
- 6 34 11 27 2 25 1 1
+ 46 47 32 46 7 24 20 24 20 24
+ 12 17 6 47 22 20 17 41 49 2 12 42
- 26 47
+ 6 5 17 31 28 17 12 35 2 20 1
+ 30 0 26 45 38 6 2 20
+ 30 0 6 5 0 30 17
- 26 26 27
+ 6 28 28 7 2 20 1
+ 12 17 45 24 40 3 3 3 26 11 47 6 11 15 24 41 45
+ 17 15 16 22 37 37 11 32 45 30 45 45 30 46 11 32 45 30 46 11 13 25 32 45
- 12 19 27 17 14 24 0 4 8
- 44 8 43 5 14
+ 33 12 33 20 1 1 1 1 1 1
- 6 47 19 19 40 44
+ 6 28 33 20 1 1 1 1 1 1
- 12 12 27 13 0 46 9
- 30 0 46 26 38 12 2 20 1 1 1
- 46 47 22 40 24 22 17 17 4 21 25 34
+ 33 39 28 26 12 17 31 35 28 7 5 17 31 33 20 1
- 29 11 31
+ 30 0 12 19 17 45 38 6 2 20
- 30 17 39 28 33 31 28 17 31 28 33 20 38 1 1 1 1 1 1 1 1 1
- 12 27 28 26 33 31 7 2 20 44 1
+ 6 28 26 39 13 0 12 27 2 20
+ 46 20 17 6 47 35 20 20 17 32 6 20 8 46 7 24 20 24
- 15 24 41 1 47 15
+ 33 11 40 44 12 7 5 0 12 17 49 4
+ 46 20 17 45 16 19 31
+ 33 11 27 28 33 20 1
- 36 0 17 21
+ 33 31 35 28 17 11 40 5 17 31 35 5 0 30 17 39 28 17 31 13 17 11 40 28 28 17 39 26 31 35 2 20 1 1
- 46 26 28 27 28 13 3 15 28 28 26 12 13 17 12 28 17 31 35 2 20
- 7 12 31
- 26 16 49
- 26 16 17 49 45
- 43 6 15 5 17
+ 33 31 26 31 28 26 31 7 28 28 13 0
- 27 42 49 21 31 24 15
- 8 33 20 32
+ 30 17 31 35 44 31 26 39 7 44 31 26
+ 46 26 38 30 0 6 5 17 12 7 44 12 33 20 1 1 1 1 1 1 1
+ 6 44 31 28 35 28 7 28 17 11 27 28 33 20 1
- 17 4 14 36 14 22 30 11 46 11 32 45 30 46 37 37 34 20 32 45 34 25 35 13 25 32 45 37 30
- 25 6 28 35 44 12 28 26 31 13 0 14 5 0 17 47 40 25 22 17 12 26 41
- 30 17 12 17 39 13 6 12 33 37 1 6 1 1 1 1
+ 33 12 26 39 17 12 7 5 17 31 13 0 12 40 28 33 20
- 4 4 49
+ 6 28 33 20 1 1 1 1 1
+ 46 26 38 30 0 6 5 17 12 7 44 12 33 20 1 1 1 1 1 1 1
- 45 16 19 45 6
- 31 12 17 0 24 28 25 15 27 25 34
+ 33 12 28 17 39 17 39 28 26 12 13 0 26 6 20 40 44 12 13 0 30 0 30 0 17 4 25 24 42 25 16 24 40 25 22 30 17
- 6 34 49 12 17 11 19 31
- 30 17 35 28 26 31 33 30 33 23 1 1 1 23
- 33 35 7 17 39 26 12 7 44 26 31 33 20
- 26 45 16 40 44 11 40 28 26 11 40 28 13 0 6 5 17 39 5 0 30 17 39 35 28 0 33 11 6 28 5 8 0
+ 46 20 27 5 17 12 17 11 31
- 6 28 28 7 5 40 0 30 0
- 30 17 12 35 5 0 6 5 0 31 26 16 19 31
+ 6 5 17 11 17 6 9
+ 30 17 31 28 17 39 17 39 7 28 17 39 26 39 7 5 17 11 31
- 12 27 44 39 7 44 33 20 1 1 1 1
- 40 46 47 16 32 7 12 28 28 13
+ 33 39 13 0 6 5 0 46 43 43
- 46 20 43 19 19 40 2 8 1
+ 30 0 26 45 24 22 12 27 5 0 12 17 6 43 43 42
+ 30 0 30 0 46 47 22 20 44
- 30 6 6 9
+ 6 5 0 26 42
+ 33 12 7 28 26 31 33 20 1
- 40 23 9
+ 46 43 20 19 38 41 41 43 6 43 6 47
+ 46 20 40 44 31 7 28 33 20 1 1
+ 33 39 26 39 35 2 20 1 1
+ 30 0 33 11 31
+ 33 11 19 17 6 47
- 7 12 17 22 6
